Sample	Assigned	Unassigned_rRNA	Unassigned_Unmapped	Unassigned_FragmentLength	Unassigned_NoFeatures	Unassigned_Overlapping_Length	Unassigned_Ambiguity
CM_1	9573660.0	445846.0	215481.0	108687.0	581175.0	412630.0	308633.0
CM_10	9746725.0	773796.0	236522.0	42649.0	743766.0	295972.0	231049.0
CM_11	9135613.0	456917.0	218861.0	55752.0	926859.0	294368.0	195401.0
CM_12	9136814.0	597629.0	227395.0	50855.0	693050.0	289585.0	211074.0
CM_13	9236278.0	35805.0	218684.0	64548.0	604227.0	353397.0	247793.0
CM_14	9403095.0	43960.0	227543.0	60343.0	636928.0	364182.0	250043.0
CM_15	9257473.0	49012.0	195586.0	54494.0	628853.0	325428.0	259771.0
CM_16	9914422.0	168940.0	227965.0	46974.0	766325.0	347796.0	249609.0
CM_2	7881669.0	208880.0	182277.0	99491.0	435977.0	350339.0	269701.0
CM_3	7407624.0	481492.0	177629.0	88556.0	659029.0	315942.0	231410.0
CM_4	7983919.0	186234.0	170617.0	96529.0	511617.0	322564.0	256332.0
CM_5	9098678.0	626381.0	239480.0	79604.0	637329.0	358778.0	266085.0
CM_6	9610108.0	289520.0	227504.0	71228.0	631379.0	402123.0	258580.0
CM_7	10143478.0	47839.0	251384.0	73620.0	859681.0	400896.0	259829.0
CM_8	9410788.0	23376.0	215705.0	70055.0	670141.0	407530.0	263839.0
CM_9	10701588.0	186499.0	263184.0	83550.0	798918.0	400027.0	282979.0
Cody_1	2393024.0	6982.0	683483.0	18585.0	124909.0	136066.0	16769.0
Cody_2	3588754.0	8413.0	1059574.0	34034.0	176998.0	191677.0	29155.0
Cody_3	7517600.0	414.0	477257.0	623994.0	808403.0	345781.0	435286.0
Cody_4	8233957.0	1182.0	313795.0	499893.0	994347.0	402527.0	495990.0
ERX4294041	5139818.0	40855.0	293565.0	43376.0	1076822.0	190153.0	156837.0
ERX4294042	6355577.0	25798.0	314352.0	41692.0	1420922.0	233041.0	180709.0
ERX4294043	6678350.0	34375.0	420075.0	21922.0	1305802.0	249731.0	178929.0
ERX4294044	5849142.0	15517.0	217019.0	34833.0	753365.0	251729.0	173000.0
ERX4294045	5888184.0	37303.0	209854.0	49449.0	742924.0	252160.0	198822.0
ERX4294046	6216288.0	24195.0	296146.0	24106.0	776827.0	299767.0	203871.0
ERX4294047	5884749.0	43742.0	247560.0	28858.0	1021734.0	200704.0	140391.0
ERX4294048	5337131.0	34126.0	503888.0	11959.0	984568.0	173752.0	89736.0
ERX4294049	6102431.0	32465.0	231636.0	37178.0	1117330.0	241707.0	149589.0
ERX4294050	5493719.0	35439.0	308850.0	25770.0	854453.0	229087.0	140747.0
ERX4294051	6475080.0	33187.0	250527.0	24616.0	875225.0	251719.0	201205.0
ERX4294052	5802740.0	23892.0	319770.0	36108.0	907904.0	215595.0	165444.0
ERX5228512	10886894.0	3418.0	57975.0	0.0	1978458.0	503631.0	12722.0
ERX5228513	9268712.0	4777.0	63374.0	0.0	1770480.0	435730.0	11612.0
ERX5228514	12007900.0	5889.0	60253.0	0.0	2045614.0	541565.0	13707.0
ERX5228515	9555437.0	10207.0	53285.0	0.0	1934630.0	495908.0	10742.0
ERX5228516	7550116.0	1770.0	50652.0	0.0	1346414.0	345728.0	8034.0
ERX5228517	11087734.0	1660.0	58875.0	0.0	1814054.0	490245.0	11263.0
Metab_1	5701939.0	1474757.0	304463.0	73266.0	373847.0	204534.0	171161.0
Metab_10	4672167.0	589375.0	207586.0	52789.0	349478.0	159277.0	137987.0
Metab_11	3062767.0	1299633.0	210231.0	41329.0	227546.0	99998.0	102151.0
Metab_12	4723832.0	836156.0	202599.0	43575.0	345304.0	147651.0	133389.0
Metab_13	4789298.0	728102.0	240431.0	56280.0	288412.0	194325.0	162137.0
Metab_14	4244954.0	952742.0	241559.0	49491.0	253412.0	166742.0	147151.0
Metab_15	4194833.0	1860118.0	233794.0	56865.0	210982.0	154346.0	148812.0
Metab_16	3783961.0	1805479.0	202900.0	44355.0	213257.0	120279.0	120149.0
Metab_17	3618319.0	1243730.0	218333.0	44541.0	259307.0	130583.0	107882.0
Metab_18	2830919.0	1187706.0	189266.0	30481.0	193964.0	103819.0	91818.0
Metab_19	4547175.0	1392218.0	212954.0	53441.0	287795.0	138464.0	135073.0
Metab_2	2880135.0	1728451.0	205495.0	57238.0	174955.0	103648.0	96517.0
Metab_20	3160527.0	3206454.0	242741.0	33131.0	253105.0	94079.0	79741.0
Metab_3	4262215.0	1352980.0	221136.0	52115.0	262438.0	154011.0	129065.0
Metab_4	3524996.0	761866.0	211878.0	49695.0	202748.0	125442.0	113031.0
Metab_5	4208200.0	388612.0	173355.0	50165.0	294638.0	141867.0	122844.0
Metab_6	4273125.0	395098.0	190979.0	58626.0	288030.0	147636.0	134743.0
Metab_7	4486154.0	1960035.0	222050.0	48443.0	320935.0	120805.0	126215.0
Metab_8	4439736.0	1438083.0	234814.0	45671.0	286354.0	132724.0	125081.0
Metab_9	4568389.0	1184760.0	230636.0	54520.0	338054.0	157650.0	134229.0
Mia_0	4510384.0	10326.0	97958.0	8151.0	613677.0	169780.0	32393.0
Mia_1	4947779.0	6844.0	99047.0	9617.0	639050.0	179282.0	35507.0
Mia_2	6807821.0	26654.0	127928.0	97191.0	400594.0	387667.0	331262.0
Mia_3	6965026.0	140752.0	156746.0	87216.0	427025.0	356045.0	312892.0
Mia_4	7495212.0	163.0	189557.0	142304.0	734625.0	238419.0	238963.0
Mia_5	6335788.0	287.0	150825.0	178890.0	398137.0	269804.0	281298.0
Mia_6	5802415.0	10988.0	133269.0	148413.0	367890.0	226700.0	234254.0
Muc_1	3004124.0	37090.0	112081.0	0.0	405754.0	83604.0	4635.0
Muc_10	2624543.0	15806.0	74392.0	0.0	200710.0	67069.0	4243.0
Muc_11	2570623.0	22834.0	75304.0	0.0	238103.0	66641.0	4149.0
Muc_12	2481233.0	46361.0	62584.0	0.0	196531.0	60897.0	3968.0
Muc_13	1665944.0	63856.0	239570.0	0.0	624465.0	42878.0	2465.0
Muc_14	1976319.0	76745.0	202518.0	0.0	800769.0	50792.0	2899.0
Muc_15	1469424.0	162827.0	333073.0	0.0	547585.0	36919.0	2191.0
Muc_16	1512706.0	94588.0	404115.0	0.0	414265.0	37170.0	2170.0
Muc_17	2215081.0	28064.0	308662.0	0.0	590630.0	64052.0	3318.0
Muc_18	2835427.0	77147.0	323541.0	0.0	815048.0	79062.0	4239.0
Muc_19	2014008.0	456108.0	127055.0	0.0	486353.0	56912.0	2928.0
Muc_2	2348384.0	28053.0	69434.0	0.0	351940.0	67763.0	3695.0
Muc_20	2123695.0	56999.0	130480.0	0.0	574040.0	61970.0	3219.0
Muc_21	2231074.0	704326.0	142166.0	0.0	599200.0	62238.0	3438.0
Muc_22	2066461.0	82805.0	142278.0	0.0	533161.0	56225.0	3189.0
Muc_23	1920419.0	252581.0	124905.0	0.0	504044.0	49745.0	3108.0
Muc_24	2042662.0	187493.0	193207.0	0.0	597531.0	55945.0	3072.0
Muc_3	2156093.0	41280.0	64056.0	0.0	305266.0	60470.0	3443.0
Muc_4	2492277.0	38454.0	101045.0	0.0	326862.0	68594.0	3885.0
Muc_5	2483753.0	37036.0	64084.0	0.0	231917.0	66733.0	4108.0
Muc_6	2373712.0	170771.0	60428.0	0.0	252658.0	64526.0	3961.0
Muc_7	2021337.0	227806.0	60880.0	0.0	221556.0	53809.0	3286.0
Muc_8	2557005.0	20493.0	61859.0	0.0	259119.0	67535.0	4280.0
Muc_9	2127491.0	164941.0	79702.0	0.0	193183.0	54370.0	3405.0
SG_1	9111594.0	324284.0	871086.0	155436.0	730335.0	382182.0	231290.0
SG_2	8582125.0	54089.0	749217.0	58907.0	703855.0	373894.0	177295.0
SG_3	6880693.0	263520.0	731475.0	155716.0	561032.0	371005.0	230207.0
SG_4	3028957.0	5314572.0	749393.0	52003.0	300869.0	133244.0	70745.0
SG_5	9541328.0	162157.0	881053.0	132791.0	1022883.0	463964.0	304259.0
SG_6	7889579.0	836251.0	756259.0	44770.0	699446.0	311293.0	213668.0
SG_7	6812993.0	160685.0	647193.0	165680.0	545055.0	360381.0	178694.0
SG_8	7968629.0	112206.0	781710.0	184521.0	614247.0	425948.0	219923.0
SRX1357231	1904.0	106.0	57777653.0	0.0	208931.0	1643.0	2.0
SRX1357232	19874.0	2498.0	45134138.0	0.0	153690.0	1965.0	20.0
SRX1357235	29859.0	2026.0	41252593.0	0.0	176057.0	3246.0	61.0
SRX1357236	37779.0	3263.0	50547808.0	0.0	198589.0	4178.0	63.0
SRX1357239	2640.0	81.0	25009890.0	0.0	173810.0	1249.0	3.0
SRX1357240	83449.0	26031.0	38376022.0	0.0	215517.0	4636.0	93.0
SRX1357243	105443.0	60030.0	40372702.0	0.0	205815.0	3069.0	77.0
SRX1357244	3992.0	577.0	46158753.0	0.0	254427.0	1852.0	8.0
SRX1549383	9370.0	48.0	2719807.0	0.0	1705396.0	6535.0	14.0
SRX1549384	787535.0	2039.0	2219321.0	0.0	352020.0	42999.0	638.0
SRX1983453	41093.0	1065.0	1256929.0	0.0	3526651.0	10503.0	25.0
SRX2629499	33673.0	2316.0	46472895.0	1425.0	8501.0	1714.0	176.0
SRX2629500	12716.0	1585.0	46422623.0	594.0	2702.0	799.0	113.0
SRX2722002	2353232.0	1322.0	155025.0	15675.0	556387.0	114702.0	16360.0
SRX2722003	2568726.0	1977.0	120023.0	12053.0	718846.0	109214.0	13534.0
SRX2722004	2501759.0	1925.0	182165.0	16672.0	868320.0	113499.0	15553.0
SRX2722005	2984229.0	13.0	187481.0	23617.0	553111.0	128062.0	23749.0
SRX2722006	3297250.0	4.0	214045.0	24369.0	568679.0	125608.0	24531.0
SRX2722007	2825009.0	17.0	170060.0	28690.0	457381.0	127663.0	23396.0
SRX2722008	2550108.0	1675.0	179302.0	35118.0	392004.0	117853.0	23053.0
SRX2722009	2849246.0	13845.0	218150.0	33414.0	427424.0	132994.0	24367.0
SRX2722010	3045134.0	2196.0	145372.0	39827.0	437737.0	134295.0	38975.0
SRX2722011	2999352.0	714.0	150094.0	39444.0	540840.0	134727.0	36083.0
SRX2722012	3348415.0	1734.0	171981.0	45980.0	541072.0	149149.0	41761.0
SRX2722013	3747839.0	1336.0	183046.0	43154.0	320107.0	181991.0	42346.0
SRX2722014	3139983.0	685.0	146334.0	38451.0	251771.0	117556.0	37174.0
SRX2722015	2843453.0	1141.0	146825.0	32119.0	238772.0	123563.0	31816.0
SRX2722016	2987836.0	968.0	179003.0	33434.0	265132.0	138038.0	32296.0
SRX2722017	3179072.0	911.0	215979.0	36304.0	268326.0	131869.0	36690.0
SRX2722018	3691113.0	1434.0	213250.0	44302.0	344586.0	149210.0	40154.0
SRX3489448	3136969.0	1155012.0	140919.0	2169.0	497603.0	135343.0	6233.0
SRX3489449	5447589.0	3495797.0	499264.0	7897.0	902392.0	265966.0	10213.0
SRX3489450	2246496.0	1129378.0	110577.0	3587.0	457581.0	100916.0	3509.0
SRX3489451	2040183.0	450797.0	336702.0	2713.0	321605.0	90967.0	3383.0
SRX3489452	2396392.0	1126641.0	357538.0	3315.0	400021.0	100166.0	4084.0
SRX3489453	2107293.0	1900903.0	292931.0	9175.0	324679.0	94994.0	3005.0
SRX4065827	5245107.0	310.0	251229.0	142778.0	366318.0	254387.0	86601.0
SRX4065829	4319077.0	510.0	394352.0	136958.0	342315.0	206760.0	75230.0
SRX4065834	4073012.0	734.0	273543.0	144426.0	306098.0	193575.0	71771.0
SRX4065836	4957585.0	442.0	250386.0	128162.0	398072.0	240813.0	77078.0
SRX4065848	4832650.0	748.0	236383.0	115397.0	341756.0	232495.0	81582.0
SRX4913542	1279995.0	1658782.0	1555102.0	0.0	132558.0	33923.0	810.0
SRX4913543	1808912.0	1863.0	1889189.0	0.0	328914.0	30675.0	1024.0
SRX4913544	5.0	4.0	21474.0	0.0	0.0	0.0	0.0
SRX5014557	2666465.0	279.0	214480.0	57777.0	229279.0	130777.0	31565.0
SRX5014562	4906870.0	43194.0	1491796.0	47904.0	453945.0	159265.0	62644.0
SRX5014564	5785137.0	2000.0	296044.0	52356.0	497068.0	168581.0	70126.0
SRX5014568	6448584.0	3738.0	359959.0	66008.0	590892.0	202181.0	80563.0
SRX5014569	2098898.0	311.0	279964.0	55548.0	181290.0	101260.0	28130.0
SRX5014570	4225726.0	83634.0	2575543.0	40397.0	377777.0	142489.0	52551.0
SRX5014574	2852785.0	212.0	219702.0	65495.0	214235.0	139162.0	35986.0
SRX5014577	2375016.0	400.0	224890.0	69990.0	190084.0	113090.0	31679.0
SRX5014579	2916800.0	540.0	224236.0	58663.0	218546.0	141837.0	37717.0
SRX5014581	6357293.0	13942.0	650247.0	75766.0	545179.0	226309.0	92568.0
SRX5014583	6965753.0	1895.0	417239.0	75832.0	531495.0	230539.0	90884.0
SRX5014587	5885448.0	1322.0	287046.0	54254.0	683221.0	261926.0	86365.0
SRX5014588	5773445.0	2226.0	281146.0	57177.0	617809.0	231115.0	79170.0
SRX502154	394995.0	263399.0	3708856.0	0.0	16699.0	15474.0	501.0
SRX502155	649339.0	671281.0	2347305.0	0.0	35805.0	23951.0	875.0
SRX502158	1011377.0	474157.0	1006898.0	0.0	77897.0	56667.0	1461.0
SRX5233212	262308.0	1649373.0	446877.0	0.0	136779.0	7922.0	557.0
SRX5233213	396221.0	2408433.0	530900.0	0.0	94464.0	9762.0	791.0
SRX5233214	254953.0	1646182.0	62725.0	0.0	45846.0	9206.0	313.0
SRX5233215	425116.0	2062211.0	87402.0	0.0	53377.0	15190.0	720.0
SRX5233216	281116.0	1341728.0	39711.0	0.0	37810.0	10603.0	428.0
SRX5233217	4453.0	16007.0	284688.0	0.0	3158764.0	172.0	7.0
SRX5299657	17027637.0	209868.0	815877.0	9335.0	4406297.0	1105919.0	16870.0
SRX5299658	17806678.0	97665.0	636082.0	9538.0	4731384.0	1168179.0	17559.0
SRX5299659	17948369.0	152391.0	519021.0	10096.0	4217271.0	1082051.0	18676.0
SRX5299660	18477817.0	57840.0	652997.0	8731.0	3824031.0	576020.0	19610.0
SRX5299661	17326083.0	24896.0	631770.0	9529.0	4220357.0	550346.0	17526.0
SRX5299662	17440763.0	115607.0	588085.0	9281.0	4007362.0	579032.0	18914.0
SRX5299663	17258796.0	918943.0	479399.0	9133.0	2783461.0	807392.0	17273.0
SRX5299664	17911982.0	1365953.0	501955.0	8355.0	2784854.0	810662.0	17304.0
SRX5299665	18725114.0	185442.0	509220.0	11820.0	3365719.0	876875.0	18361.0
SRX5505131	5720663.0	846.0	332544.0	309846.0	876856.0	321800.0	114011.0
SRX5505132	5535246.0	1447.0	360396.0	293151.0	962775.0	287819.0	105323.0
SRX5505133	4026096.0	230.0	182290.0	179115.0	558549.0	259244.0	85879.0
SRX5505134	3799197.0	204.0	212073.0	133779.0	550853.0	262907.0	79122.0
SRX5505135	3676658.0	5502.0	211657.0	183846.0	514584.0	264554.0	81906.0
SRX5505136	3358788.0	237.0	188839.0	97420.0	772747.0	396345.0	72622.0
SRX5505137	3106121.0	193.0	166534.0	114933.0	409929.0	205495.0	64784.0
SRX5505138	4543612.0	324.0	287836.0	332845.0	581639.0	325675.0	108318.0
SRX5505139	3251993.0	187.0	183475.0	159931.0	473876.0	234176.0	71197.0
SRX5505140	4625446.0	343.0	273593.0	185471.0	990141.0	488082.0	98108.0
SRX5505141	4901799.0	476721.0	313441.0	271531.0	906568.0	251283.0	92642.0
SRX5505142	3181443.0	1275233.0	248394.0	241761.0	513979.0	175300.0	66391.0
SRX5505143	5504808.0	1220.0	364441.0	421004.0	941517.0	311577.0	115242.0
SRX5505144	5556914.0	1244.0	392625.0	397194.0	886802.0	307636.0	108206.0
SRX5797722	27851287.0	10099.0	553631.0	12213.0	3770344.0	1473489.0	68963.0
SRX5797723	28533714.0	12210.0	563891.0	13526.0	3738449.0	1411037.0	73731.0
SRX5797724	27119829.0	8040.0	536941.0	12177.0	3598769.0	1375739.0	69411.0
SRX5797725	19489111.0	16855.0	553946.0	12062.0	1359104.0	868799.0	51824.0
SRX5797726	23722144.0	5261.0	656177.0	15787.0	1732879.0	1041220.0	61117.0
SRX5797727	31014900.0	6782.0	875678.0	20255.0	2772651.0	1381063.0	74798.0
SRX5806783	28676870.0	5631.0	577291.0	16617.0	3428472.0	1351806.0	68870.0
SRX5806784	26652645.0	8168.0	545352.0	14255.0	3236851.0	1323540.0	65993.0
SRX5806785	23186696.0	14423.0	486966.0	12163.0	2711590.0	1026467.0	56374.0
SRX5806786	24339007.0	4521.0	580750.0	17234.0	3169934.0	1256003.0	54783.0
SRX5806787	23384015.0	3005.0	582312.0	14388.0	2876542.0	1114948.0	52379.0
SRX5806788	23704993.0	9020.0	542593.0	17305.0	3143169.0	1185146.0	54773.0
SRX6877996	865453.0	696207.0	176807.0	0.0	1634412.0	84300.0	2244.0
SRX6877997	796396.0	774155.0	244824.0	0.0	1718434.0	85277.0	1877.0
SRX6877998	199709.0	291103.0	3527488.0	0.0	1130942.0	25456.0	282.0
SRX6877999	858579.0	2266501.0	3295299.0	0.0	2061153.0	162139.0	2170.0
SRX6878000	462570.0	947668.0	1928964.0	0.0	1134297.0	62350.0	982.0
SRX6878001	624058.0	510430.0	39981004.0	0.0	1624033.0	49862.0	2052.0
SRX6878002	485188.0	244000.0	76580633.0	0.0	1136116.0	19983.0	943.0
SRX6878003	284948.0	261615.0	20467788.0	0.0	383298.0	13196.0	892.0
SRX6878004	191740.0	58976.0	28313094.0	0.0	528745.0	9917.0	305.0
SRX6878005	91350.0	47779.0	6802317.0	0.0	370994.0	2596.0	130.0
SRX6878006	454983.0	145526.0	35349892.0	0.0	1146430.0	35799.0	1205.0
SRX6878007	215115.0	261915.0	23105586.0	0.0	1154552.0	7870.0	363.0
SRX6878008	1064281.0	1749572.0	230385.0	0.0	4124933.0	65245.0	1254.0
SRX6878009	369333.0	158481.0	31312965.0	0.0	1139507.0	7433.0	740.0
SRX6878010	215840.0	70168.0	44429548.0	0.0	407109.0	4295.0	349.0
SRX6878011	3873778.0	400078.0	2294870.0	0.0	4154789.0	205747.0	6116.0
SRX6878012	4957765.0	788626.0	3776400.0	0.0	3963989.0	281131.0	8198.0
SRX6878013	91967.0	1612029.0	6111753.0	0.0	242390.0	9388.0	156.0
SRX6878014	194260.0	3168857.0	12247590.0	0.0	523616.0	17294.0	353.0
SRX6878015	203654.0	3524794.0	14903682.0	0.0	552323.0	20024.0	402.0
SRX6878016	197850.0	3332252.0	14116578.0	0.0	482004.0	19172.0	416.0
SRX6878017	1950277.0	857775.0	3064717.0	0.0	3567350.0	140239.0	3586.0
SRX6878018	3595733.0	426781.0	3769510.0	0.0	5865463.0	313626.0	6198.0
SRX6878019	1863927.0	4620166.0	339303.0	0.0	5080827.0	117927.0	2465.0
SRX6878020	1365757.0	1171568.0	9728420.0	0.0	5278117.0	79837.0	1821.0
SRX6878021	3190043.0	1887462.0	16752663.0	0.0	9157064.0	191999.0	4269.0
SRX6878022	2865451.0	3519845.0	18374762.0	0.0	8926873.0	181061.0	3975.0
SRX6878023	1646128.0	6368485.0	327687.0	0.0	5160706.0	87026.0	1947.0
SRX6878024	1283778.0	226872.0	261583.0	0.0	2362902.0	128128.0	3729.0
SRX6878025	2087840.0	364587.0	409053.0	0.0	2075648.0	171801.0	6870.0
SRX6878026	901971.0	693816.0	232901.0	0.0	4066623.0	86273.0	1906.0
SRX6878027	992167.0	700945.0	205700.0	0.0	1881368.0	112531.0	1981.0
SRX6878028	130184.0	251270.0	2018503.0	0.0	470275.0	14956.0	150.0
SRX7125364	15547171.0	794821.0	8019079.0	0.0	2962972.0	751541.0	16670.0
SRX7125365	16133334.0	932748.0	9774829.0	0.0	3226700.0	774800.0	17342.0
SRX7125366	3845799.0	649299.0	19614253.0	0.0	966213.0	208064.0	5941.0
SRX7125367	1322198.0	659750.0	17695386.0	0.0	348386.0	68343.0	2090.0
SRX7125368	18598668.0	1028372.0	8008694.0	0.0	3644940.0	906982.0	19356.0
SRX7125369	253242.0	763717.0	17409305.0	0.0	104836.0	20008.0	613.0
SRX7125370	131169.0	42342.0	20908171.0	0.0	647959.0	6601.0	183.0
SRX7125371	362167.0	692344.0	20254424.0	0.0	79981.0	20463.0	618.0
SRX7125372	5117644.0	507420.0	23560135.0	0.0	1480630.0	259453.0	7281.0
SRX7125373	1543878.0	28134.0	24551555.0	0.0	335957.0	70625.0	1899.0
SRX7125374	1311806.0	107185.0	26949662.0	0.0	238332.0	65743.0	2002.0
SRX7125375	641166.0	632180.0	19406341.0	0.0	133300.0	37571.0	1089.0
SRX8049163	4266994.0	587140.0	780065.0	0.0	5789754.0	390655.0	5532.0
SRX8049164	4083570.0	372141.0	632180.0	0.0	5533451.0	351634.0	5684.0
SRX8049165	4203660.0	232087.0	690202.0	0.0	6136829.0	372105.0	4513.0
SRX8049166	4093693.0	734582.0	617813.0	0.0	5152307.0	520218.0	4401.0
SRX8049167	3805691.0	227774.0	751651.0	0.0	5993427.0	650943.0	4311.0
SRX8049168	4116546.0	103233.0	523874.0	0.0	4743396.0	498376.0	3810.0
SRX8164260	10036762.0	14895.0	150759.0	139586.0	669999.0	491312.0	495111.0
SRX8164261	6950896.0	497.0	122842.0	101037.0	459600.0	355944.0	325147.0
SRX8164262	6973435.0	23440.0	123737.0	41002.0	602795.0	332633.0	289556.0
SRX8164263	6893237.0	4192.0	107006.0	83531.0	603058.0	324014.0	292710.0
SRX8164264	8258355.0	1604723.0	133481.0	131304.0	644029.0	462622.0	394601.0
SRX8164265	6060020.0	2498983.0	140692.0	97913.0	486251.0	287792.0	281754.0
SRX8164266	6135303.0	3998.0	156469.0	67960.0	710948.0	339049.0	280308.0
SRX8164267	9229902.0	7206.0	126045.0	105755.0	770116.0	439115.0	438833.0
SRX8164268	8342351.0	77664.0	120507.0	86690.0	752632.0	471828.0	341199.0
SRX8164269	9505096.0	3785.0	178628.0	125062.0	948149.0	427482.0	422015.0
SRX8164270	6466325.0	22133.0	139252.0	50483.0	800875.0	332074.0	273417.0
SRX8164271	6959251.0	13075.0	172123.0	81338.0	1180124.0	330336.0	293106.0
SRX8164272	5875270.0	17220.0	107872.0	86427.0	399649.0	289846.0	242317.0
SRX8164273	6448013.0	921.0	113718.0	76195.0	399301.0	307435.0	264748.0
SRX8164274	10082997.0	15607.0	194840.0	134430.0	844285.0	438522.0	407469.0
SRX8164275	7661553.0	33386.0	134725.0	92281.0	676519.0	364171.0	297350.0
SRX8164276	6648958.0	526.0	131670.0	64975.0	534305.0	269635.0	258982.0
SRX8164277	6114686.0	2410804.0	142398.0	75231.0	393858.0	257114.0	263415.0
SRX8164278	7004358.0	55127.0	128791.0	63289.0	656853.0	297796.0	272573.0
SRX8164279	7652823.0	32697.0	126764.0	73473.0	756941.0	344294.0	315678.0
SRX8164280	7506004.0	3864.0	141508.0	44773.0	742134.0	296421.0	262201.0
SRX8164281	7331874.0	4142.0	124753.0	64546.0	668071.0	318855.0	283174.0
SRX8164282	6749008.0	12882.0	122645.0	36791.0	540178.0	282131.0	274668.0
SRX8164283	7512910.0	152707.0	143844.0	74417.0	634242.0	328593.0	310194.0
SRX8164284	7725384.0	1084.0	127196.0	119393.0	622142.0	320736.0	309231.0
SRX8164285	8662984.0	18585.0	145280.0	98726.0	949587.0	353177.0	308460.0
SRX8164286	7226346.0	34146.0	131544.0	39675.0	678983.0	320430.0	317061.0
SRX8164287	5072050.0	14088.0	76533.0	61795.0	437835.0	222583.0	230676.0
SRX8164288	7328148.0	2709.0	124001.0	53828.0	995258.0	312027.0	288139.0
SRX8164289	7772729.0	3547.0	144459.0	55994.0	1389713.0	323539.0	305785.0
SRX8164290	8255065.0	34484.0	199966.0	69548.0	771115.0	347821.0	348696.0
SRX8164291	7885670.0	124246.0	130316.0	68162.0	684280.0	327478.0	337485.0
SRX8164292	5848119.0	5405.0	98423.0	37564.0	924309.0	246540.0	230208.0
SRX8164293	8694547.0	3846.0	143783.0	78787.0	952437.0	374111.0	382357.0
SRX8164294	8458765.0	2528.0	153249.0	48721.0	1007542.0	363328.0	360451.0
SRX8164295	7509816.0	420565.0	113041.0	59520.0	656983.0	288327.0	297260.0
SRX8164296	7463394.0	504.0	204807.0	67676.0	761289.0	318411.0	246805.0
SRX8164297	6714237.0	152.0	190338.0	58199.0	661373.0	282702.0	221423.0
SRX8164298	7689860.0	1378.0	183245.0	86325.0	846935.0	379757.0	282567.0
SRX8164299	7242584.0	178.0	143152.0	128956.0	785913.0	363687.0	297503.0
SRX8164300	6573029.0	386174.0	125539.0	122342.0	504081.0	292818.0	295163.0
SRX8164301	8501057.0	787.0	147105.0	120408.0	760152.0	330591.0	350098.0
SRX8164302	5743114.0	173.0	85780.0	88303.0	426450.0	257644.0	267316.0
SRX8164303	7377862.0	655.0	124638.0	122969.0	600852.0	327614.0	336222.0
SRX8164304	8525305.0	220271.0	186205.0	107177.0	950718.0	409543.0	324908.0
SRX8164305	6997369.0	1915.0	159681.0	80690.0	834849.0	313053.0	265136.0
SRX8164306	7039970.0	13892.0	127686.0	88696.0	639291.0	328690.0	279291.0
SRX8164307	5272306.0	261.0	94674.0	69342.0	483797.0	260831.0	208389.0
SRX8387559	3745029.0	79.0	1174354.0	199985.0	313063.0	128556.0	61866.0
SRX8387560	4118719.0	91.0	1215656.0	171062.0	342160.0	137864.0	65511.0
SRX8387561	7972350.0	143.0	212819.0	48183.0	384183.0	451801.0	348460.0
SRX8387562	7941644.0	68.0	182496.0	81799.0	367870.0	463073.0	371286.0
SRX8387563	7516291.0	7098.0	178370.0	64074.0	490288.0	388573.0	324921.0
SRX8387564	8069731.0	31632.0	148935.0	67735.0	441798.0	360838.0	339384.0
SRX8387565	7825375.0	49.0	170023.0	81386.0	645346.0	338600.0	282426.0
SRX8387566	8436531.0	38.0	185306.0	61091.0	636563.0	340693.0	274183.0
SRX8387567	9360135.0	337.0	205241.0	87076.0	673605.0	499408.0	422438.0
SRX8387568	8923747.0	399.0	215819.0	84304.0	690379.0	483086.0	400981.0
SRX8387571	3557392.0	361.0	1091478.0	173618.0	301174.0	123873.0	58869.0
SRX8387574	8564253.0	2617.0	194018.0	77371.0	923616.0	274263.0	286903.0
SRX8387575	6637412.0	1933.0	121583.0	81877.0	584055.0	267990.0	322676.0
SRX8387576	7492703.0	401.0	165521.0	84399.0	829157.0	242842.0	254944.0
SRX8387577	6386355.0	1190.0	127894.0	75653.0	536873.0	259348.0	318293.0
SRX8387582	4579782.0	91.0	1409152.0	222251.0	398203.0	160573.0	74488.0
SRX8387589	4101857.0	368.0	1510769.0	202872.0	296298.0	162384.0	77004.0
SRX8387590	3726980.0	1102.0	1073571.0	181875.0	279133.0	147002.0	68409.0
SRX8387591	3810553.0	1217.0	1193727.0	189251.0	490589.0	404002.0	70494.0
SRX8387592	4256308.0	384.0	1302973.0	210784.0	575869.0	448274.0	81076.0
SRX8387593	9398759.0	9331.0	194526.0	66946.0	629315.0	449603.0	376803.0
SRX8387594	6692850.0	421.0	129536.0	38981.0	414083.0	304289.0	267147.0
SRX8420202	6482698.0	10017.0	108558.0	65717.0	477497.0	189400.0	216881.0
SRX8420203	7423622.0	25448.0	144464.0	99317.0	405689.0	280889.0	278247.0
SRX8420204	45044.0	21.0	159331.0	110452.0	9107380.0	17243.0	800.0
SRX8420205	43555.0	1.0	149010.0	131335.0	8885670.0	15778.0	927.0
SRX8420206	7369100.0	1439.0	156668.0	87373.0	428490.0	264901.0	266628.0
SRX8420207	37781.0	390.0	162736.0	92264.0	8675676.0	13070.0	841.0
SRX8420208	43477.0	1.0	153213.0	92771.0	9187797.0	15966.0	753.0
SRX8420209	7198530.0	2587.0	112379.0	77882.0	403754.0	253610.0	253342.0
SRX9633794	9788571.0	9629084.0	2297824.0	127733.0	7597996.0	573232.0	7092.0
SRX9633795	8910582.0	7845573.0	1915487.0	43960.0	6076781.0	573405.0	7042.0
SRX9633796	8611526.0	9306674.0	2945500.0	26872.0	5598268.0	590916.0	6796.0
SRX9633797	9585332.0	7810247.0	2415977.0	24556.0	5281206.0	952098.0	6766.0
SRX9633798	14291405.0	10919928.0	906021.0	30900.0	8479996.0	1188863.0	10542.0
SRX9633799	7919040.0	7351311.0	2378498.0	13608.0	4395393.0	718594.0	5558.0
SRX9633800	6519491.0	9404603.0	1820559.0	39617.0	3597474.0	718672.0	4410.0
SRX9633801	11575009.0	12318672.0	1562413.0	43215.0	6609045.0	1261802.0	7814.0
SRX9633802	16344984.0	14902395.0	1689131.0	69021.0	8270463.0	1755246.0	11273.0
SRX9682649	1961550.0	13153.0	2023946.0	362.0	153250.0	44653.0	6725.0
SRX9682654	7529091.0	147964.0	536859.0	2267.0	2415661.0	634143.0	18576.0
SRX9682659	9273414.0	21720.0	393787.0	921.0	846250.0	378468.0	46764.0
SRX9682664	7458910.0	74697.0	331074.0	987.0	896319.0	351963.0	40335.0
SRX9682669	11918583.0	129821.0	477441.0	5120.0	2011946.0	511756.0	58589.0
SRX9682674	12206042.0	29474.0	587499.0	2838.0	2462771.0	636057.0	75971.0
SRX9699053	7151792.0	256975.0	527379.0	943.0	1819235.0	250541.0	46441.0
SRX9699054	6028525.0	269246.0	723723.0	856.0	1334954.0	216544.0	37353.0
SRX9699055	8004940.0	290797.0	528533.0	752.0	873993.0	276085.0	45841.0
SRX9699056	7560141.0	286646.0	649271.0	898.0	1087926.0	263768.0	47081.0
SRX973265	2442291.0	5523456.0	4427622.0	0.0	1393481.0	368451.0	7296.0
SRX973266	540740.0	6670891.0	1956704.0	0.0	2076929.0	166621.0	4878.0
SRX973267	1151713.0	7370891.0	1931841.0	0.0	371066.0	89399.0	2207.0
SRX973268	1075363.0	7201017.0	1728300.0	0.0	233526.0	73472.0	1822.0
SRX9960951	16964547.0	132216.0	1012808.0	0.0	3617797.0	849518.0	14258.0
SRX9960952	15555234.0	94090.0	894650.0	0.0	3061758.0	838205.0	14318.0
SRX9960953	20097349.0	555439.0	1172524.0	0.0	3877351.0	845796.0	16556.0
SRX9960954	6861441.0	140678.0	496085.0	0.0	1212780.0	346244.0	6054.0
SRX9960955	19971498.0	456152.0	1104285.0	0.0	3208561.0	664336.0	23162.0
SRX9960956	10033762.0	75330.0	517603.0	0.0	1789930.0	445764.0	11110.0
SRX9960957	11480127.0	91102.0	604625.0	0.0	2288900.0	466098.0	10695.0
SRX9960958	12197234.0	63186.0	675435.0	0.0	2569142.0	606733.0	11596.0
SRX9960959	12639349.0	125343.0	813200.0	0.0	2407236.0	601032.0	10759.0
SRX9960960	5571740.0	41669.0	400002.0	0.0	1116018.0	314499.0	5460.0
SRX9960961	11449242.0	60241.0	806728.0	0.0	2370775.0	561886.0	12870.0
SRX9960962	8478436.0	74258.0	602430.0	0.0	1733091.0	503155.0	8257.0
SRX9960963	7078535.0	49269.0	518016.0	0.0	1512040.0	346964.0	7038.0
SRX9960964	11019322.0	83291.0	797887.0	0.0	2455945.0	708045.0	11779.0
SRX9960965	10821066.0	83675.0	791948.0	0.0	1756672.0	354206.0	11356.0
SRX9960966	15743944.0	323341.0	958515.0	0.0	2555180.0	768886.0	15058.0
Vir_1	3020831.0	1338.0	1054231.0	7648.0	302083.0	155205.0	20349.0
Vir_10	2838508.0	2371.0	1032177.0	4581.0	208790.0	151866.0	18869.0
Vir_11	2637800.0	996.0	673715.0	62130.0	161239.0	120943.0	26665.0
Vir_12	3240348.0	4536.0	898262.0	75727.0	204992.0	151296.0	29820.0
Vir_13	3036194.0	369.0	796941.0	55136.0	205103.0	178065.0	26332.0
Vir_14	2926594.0	1351.0	838545.0	30243.0	258172.0	181074.0	19968.0
Vir_15	3482570.0	3896.0	1057674.0	73399.0	317385.0	224284.0	31651.0
Vir_16	3105015.0	3236.0	1003854.0	73292.0	281995.0	215063.0	28044.0
Vir_17	3197800.0	619.0	865688.0	49230.0	227372.0	181860.0	24088.0
Vir_18	2736497.0	5889.0	752451.0	67780.0	181667.0	150676.0	25091.0
Vir_19	2027299.0	2657.0	851892.0	3751.0	179947.0	112503.0	13138.0
Vir_2	2819250.0	976.0	1297354.0	12840.0	261124.0	132423.0	25259.0
Vir_20	2689740.0	754.0	886287.0	3092.0	245193.0	156519.0	13888.0
Vir_3	3095345.0	13576.0	1034059.0	2221.0	100549.0	195170.0	17869.0
Vir_4	2474525.0	3327.0	460165.0	37246.0	90969.0	157462.0	23375.0
Vir_5	2563447.0	596.0	701462.0	30831.0	161720.0	136938.0	16613.0
Vir_6	2542540.0	508.0	739796.0	59861.0	170318.0	140020.0	22301.0
Vir_7	2671201.0	1945.0	795316.0	51834.0	135336.0	138307.0	19786.0
Vir_8	2853543.0	1408.0	868693.0	45391.0	148875.0	146616.0	19816.0
Vir_9	2566857.0	434924.0	533813.0	41278.0	155518.0	146854.0	20672.0
