Sample	Total	Assigned	Unassigned_rRNA	Unassigned_Unmapped	Unassigned_Read_Type	Unassigned_Singleton	Unassigned_MappingQuality	Unassigned_Chimera	Unassigned_FragmentLength	Unassigned_Duplicate	Unassigned_MultiMapping	Unassigned_Secondary	Unassigned_NonSplit	Unassigned_NoFeatures	Unassigned_Overlapping_Length	Unassigned_Ambiguity	percent_assigned
CM_1	11646112	9573660	445846	215481	0	0	0	0	108687	0	0	0	0	581175	412630	308633	82.20477357593677
CM_10	12070479	9746725	773796	236522	0	0	0	0	42649	0	0	0	0	743766	295972	231049	80.74845248477712
CM_11	11283771	9135613	456917	218861	0	0	0	0	55752	0	0	0	0	926859	294368	195401	80.96241052747348
CM_12	11206402	9136814	597629	227395	0	0	0	0	50855	0	0	0	0	693050	289585	211074	81.53209210235363
CM_13	10760732	9236278	35805	218684	0	0	0	0	64548	0	0	0	0	604227	353397	247793	85.83317566128402
CM_14	10986094	9403095	43960	227543	0	0	0	0	60343	0	0	0	0	636928	364182	250043	85.59088425786271
CM_15	10770617	9257473	49012	195586	0	0	0	0	54494	0	0	0	0	628853	325428	259771	85.95118552632593
CM_16	11722031	9914422	168940	227965	0	0	0	0	46974	0	0	0	0	766325	347796	249609	84.57938730924701
CM_2	9428334	7881669	208880	182277	0	0	0	0	99491	0	0	0	0	435977	350339	269701	83.59556417920706
CM_3	9361682	7407624	481492	177629	0	0	0	0	88556	0	0	0	0	659029	315942	231410	79.12706285045785
CM_4	9527812	7983919	186234	170617	0	0	0	0	96529	0	0	0	0	511617	322564	256332	83.79593342102048
CM_5	11306335	9098678	626381	239480	0	0	0	0	79604	0	0	0	0	637329	358778	266085	80.4741589560189
CM_6	11490442	9610108	289520	227504	0	0	0	0	71228	0	0	0	0	631379	402123	258580	83.63566867140533
CM_7	12036727	10143478	47839	251384	0	0	0	0	73620	0	0	0	0	859681	400896	259829	84.27106471717768
CM_8	11061434	9410788	23376	215705	0	0	0	0	70055	0	0	0	0	670141	407530	263839	85.07746825592413
CM_9	12716745	10701588	186499	263184	0	0	0	0	83550	0	0	0	0	798918	400027	282979	84.15351569918246
Cody_1	3379818	2393024	6982	683483	0	0	0	0	18585	0	0	0	0	124909	136066	16769	70.80333911470973
Cody_2	5088605	3588754	8413	1059574	0	0	0	0	34034	0	0	0	0	176998	191677	29155	70.52530113852421
Cody_3	10208735	7517600	414	477257	0	0	0	0	623994	0	0	0	0	808403	345781	435286	73.63889845313841
Cody_4	10941691	8233957	1182	313795	0	0	0	0	499893	0	0	0	0	994347	402527	495990	75.25305731993346
ERX4294041	6941426	5139818	40855	293565	0	0	0	0	43376	0	0	0	0	1076822	190153	156837	74.04556354846973
ERX4294042	8572091	6355577	25798	314352	0	0	0	0	41692	0	0	0	0	1420922	233041	180709	74.14266834078173
ERX4294043	8889184	6678350	34375	420075	0	0	0	0	21922	0	0	0	0	1305802	249731	178929	75.12894321908513
ERX4294044	7294605	5849142	15517	217019	0	0	0	0	34833	0	0	0	0	753365	251729	173000	80.18449251193177
ERX4294045	7378696	5888184	37303	209854	0	0	0	0	49449	0	0	0	0	742924	252160	198822	79.79979118261546
ERX4294046	7841200	6216288	24195	296146	0	0	0	0	24106	0	0	0	0	776827	299767	203871	79.27725348160996
ERX4294047	7567738	5884749	43742	247560	0	0	0	0	28858	0	0	0	0	1021734	200704	140391	77.76100335397447
ERX4294048	7135160	5337131	34126	503888	0	0	0	0	11959	0	0	0	0	984568	173752	89736	74.80043895301577
ERX4294049	7912336	6102431	32465	231636	0	0	0	0	37178	0	0	0	0	1117330	241707	149589	77.12552904730032
ERX4294050	7088065	5493719	35439	308850	0	0	0	0	25770	0	0	0	0	854453	229087	140747	77.50661146589373
ERX4294051	8111559	6475080	33187	250527	0	0	0	0	24616	0	0	0	0	875225	251719	201205	79.82534553468699
ERX4294052	7471453	5802740	23892	319770	0	0	0	0	36108	0	0	0	0	907904	215595	165444	77.66548220272549
ERX5228512	13443098	10886894	3418	57975	0	0	0	0	0	0	0	0	0	1978458	503631	12722	80.98500806882461
ERX5228513	11554685	9268712	4777	63374	0	0	0	0	0	0	0	0	0	1770480	435730	11612	80.21605089191094
ERX5228514	14674928	12007900	5889	60253	0	0	0	0	0	0	0	0	0	2045614	541565	13707	81.82595512564014
ERX5228515	12060209	9555437	10207	53285	0	0	0	0	0	0	0	0	0	1934630	495908	10742	79.2311061939308
ERX5228516	9302714	7550116	1770	50652	0	0	0	0	0	0	0	0	0	1346414	345728	8034	81.16035814924548
ERX5228517	13463831	11087734	1660	58875	0	0	0	0	0	0	0	0	0	1814054	490245	11263	82.35199921924153
Metab_1	8303967	5701939	1474757	304463	0	0	0	0	73266	0	0	0	0	373847	204534	171161	68.66524156466421
Metab_10	6168659	4672167	589375	207586	0	0	0	0	52789	0	0	0	0	349478	159277	137987	75.74039997996323
Metab_11	5043655	3062767	1299633	210231	0	0	0	0	41329	0	0	0	0	227546	99998	102151	60.7251487264692
Metab_12	6432506	4723832	836156	202599	0	0	0	0	43575	0	0	0	0	345304	147651	133389	73.43688447395152
Metab_13	6458985	4789298	728102	240431	0	0	0	0	56280	0	0	0	0	288412	194325	162137	74.14939034538709
Metab_14	6056051	4244954	952742	241559	0	0	0	0	49491	0	0	0	0	253412	166742	147151	70.09442291684795
Metab_15	6859750	4194833	1860118	233794	0	0	0	0	56865	0	0	0	0	210982	154346	148812	61.1513976456868
Metab_16	6290380	3783961	1805479	202900	0	0	0	0	44355	0	0	0	0	213257	120279	120149	60.154728331197795
Metab_17	5622695	3618319	1243730	218333	0	0	0	0	44541	0	0	0	0	259307	130583	107882	64.352041147528
Metab_18	4627973	2830919	1187706	189266	0	0	0	0	30481	0	0	0	0	193964	103819	91818	61.169738890006485
Metab_19	6767120	4547175	1392218	212954	0	0	0	0	53441	0	0	0	0	287795	138464	135073	67.19512879925286
Metab_2	5246439	2880135	1728451	205495	0	0	0	0	57238	0	0	0	0	174955	103648	96517	54.89695010272682
Metab_20	7069778	3160527	3206454	242741	0	0	0	0	33131	0	0	0	0	253105	94079	79741	44.70475593434476
Metab_3	6433960	4262215	1352980	221136	0	0	0	0	52115	0	0	0	0	262438	154011	129065	66.24559369346406
Metab_4	4989656	3524996	761866	211878	0	0	0	0	49695	0	0	0	0	202748	125442	113031	70.6460725949845
Metab_5	5379681	4208200	388612	173355	0	0	0	0	50165	0	0	0	0	294638	141867	122844	78.22396904203056
Metab_6	5488237	4273125	395098	190979	0	0	0	0	58626	0	0	0	0	288030	147636	134743	77.85970248733793
Metab_7	7284637	4486154	1960035	222050	0	0	0	0	48443	0	0	0	0	320935	120805	126215	61.583768690190055
Metab_8	6702463	4439736	1438083	234814	0	0	0	0	45671	0	0	0	0	286354	132724	125081	66.24036566856094
Metab_9	6668238	4568389	1184760	230636	0	0	0	0	54520	0	0	0	0	338054	157650	134229	68.50968726671124
Mia_0	5442669	4510384	10326	97958	0	0	0	0	8151	0	0	0	0	613677	169780	32393	82.87081209605067
Mia_1	5917126	4947779	6844	99047	0	0	0	0	9617	0	0	0	0	639050	179282	35507	83.61794222397833
Mia_2	8179117	6807821	26654	127928	0	0	0	0	97191	0	0	0	0	400594	387667	331262	83.23418041336247
Mia_3	8445702	6965026	140752	156746	0	0	0	0	87216	0	0	0	0	427025	356045	312892	82.46828978810761
Mia_4	9039243	7495212	163	189557	0	0	0	0	142304	0	0	0	0	734625	238419	238963	82.91858068203277
Mia_5	7615029	6335788	287	150825	0	0	0	0	178890	0	0	0	0	398137	269804	281298	83.20110140092703
Mia_6	6923929	5802415	10988	133269	0	0	0	0	148413	0	0	0	0	367890	226700	234254	83.80234690448155
Muc_1	3647288	3004124	37090	112081	0	0	0	0	0	0	0	0	0	405754	83604	4635	82.36596616444876
Muc_10	2986763	2624543	15806	74392	0	0	0	0	0	0	0	0	0	200710	67069	4243	87.87248938064386
Muc_11	2977654	2570623	22834	75304	0	0	0	0	0	0	0	0	0	238103	66641	4149	86.33048030429325
Muc_12	2851574	2481233	46361	62584	0	0	0	0	0	0	0	0	0	196531	60897	3968	87.012751554054
Muc_13	2639178	1665944	63856	239570	0	0	0	0	0	0	0	0	0	624465	42878	2465	63.12359378564083
Muc_14	3110042	1976319	76745	202518	0	0	0	0	0	0	0	0	0	800769	50792	2899	63.546376544110984
Muc_15	2552019	1469424	162827	333073	0	0	0	0	0	0	0	0	0	547585	36919	2191	57.578881661931206
Muc_16	2465014	1512706	94588	404115	0	0	0	0	0	0	0	0	0	414265	37170	2170	61.36703483225653
Muc_17	3209807	2215081	28064	308662	0	0	0	0	0	0	0	0	0	590630	64052	3318	69.00978781590294
Muc_18	4134464	2835427	77147	323541	0	0	0	0	0	0	0	0	0	815048	79062	4239	68.58028029751861
Muc_19	3143364	2014008	456108	127055	0	0	0	0	0	0	0	0	0	486353	56912	2928	64.07173970306971
Muc_2	2869269	2348384	28053	69434	0	0	0	0	0	0	0	0	0	351940	67763	3695	81.84607298932237
Muc_20	2950403	2123695	56999	130480	0	0	0	0	0	0	0	0	0	574040	61970	3219	71.97982784046789
Muc_21	3742442	2231074	704326	142166	0	0	0	0	0	0	0	0	0	599200	62238	3438	59.61545963838585
Muc_22	2884119	2066461	82805	142278	0	0	0	0	0	0	0	0	0	533161	56225	3189	71.64964413742983
Muc_23	2854802	1920419	252581	124905	0	0	0	0	0	0	0	0	0	504044	49745	3108	67.26977913004124
Muc_24	3079910	2042662	187493	193207	0	0	0	0	0	0	0	0	0	597531	55945	3072	66.3221327895945
Muc_3	2630608	2156093	41280	64056	0	0	0	0	0	0	0	0	0	305266	60470	3443	81.96177461636245
Muc_4	3031117	2492277	38454	101045	0	0	0	0	0	0	0	0	0	326862	68594	3885	82.22305506517894
Muc_5	2887631	2483753	37036	64084	0	0	0	0	0	0	0	0	0	231917	66733	4108	86.01351765512976
Muc_6	2926056	2373712	170771	60428	0	0	0	0	0	0	0	0	0	252658	64526	3961	81.12325943180855
Muc_7	2588674	2021337	227806	60880	0	0	0	0	0	0	0	0	0	221556	53809	3286	78.0838761466295
Muc_8	2970291	2557005	20493	61859	0	0	0	0	0	0	0	0	0	259119	67535	4280	86.0860097545998
Muc_9	2623092	2127491	164941	79702	0	0	0	0	0	0	0	0	0	193183	54370	3405	81.10622883223311
SG_1	11806207	9111594	324284	871086	0	0	0	0	155436	0	0	0	0	730335	382182	231290	77.176302262022
SG_2	10699382	8582125	54089	749217	0	0	0	0	58907	0	0	0	0	703855	373894	177295	80.21140847200333
SG_3	9193648	6880693	263520	731475	0	0	0	0	155716	0	0	0	0	561032	371005	230207	74.84181469640778
SG_4	9649783	3028957	5314572	749393	0	0	0	0	52003	0	0	0	0	300869	133244	70745	31.388861283201912
SG_5	12508435	9541328	162157	881053	0	0	0	0	132791	0	0	0	0	1022883	463964	304259	76.27915082902058
SG_6	10751266	7889579	836251	756259	0	0	0	0	44770	0	0	0	0	699446	311293	213668	73.3827904546311
SG_7	8870681	6812993	160685	647193	0	0	0	0	165680	0	0	0	0	545055	360381	178694	76.80349456822988
SG_8	10307184	7968629	112206	781710	0	0	0	0	184521	0	0	0	0	614247	425948	219923	77.3114072670091
SRX1357231	57990239	1904	106	57777653	0	0	0	0	0	0	0	0	0	208931	1643	2	0.003283311179317609
SRX1357232	45312185	19874	2498	45134138	0	0	0	0	0	0	0	0	0	153690	1965	20	0.04386016697274696
SRX1357235	41463842	29859	2026	41252593	0	0	0	0	0	0	0	0	0	176057	3246	61	0.07201214011957695
SRX1357236	50791680	37779	3263	50547808	0	0	0	0	0	0	0	0	0	198589	4178	63	0.07438029220533757
SRX1357239	25187673	2640	81	25009890	0	0	0	0	0	0	0	0	0	173810	1249	3	0.010481317587376967
SRX1357240	38705748	83449	26031	38376022	0	0	0	0	0	0	0	0	0	215517	4636	93	0.2155984687338945
SRX1357243	40747136	105443	60030	40372702	0	0	0	0	0	0	0	0	0	205815	3069	77	0.25877401543018874
SRX1357244	46419609	3992	577	46158753	0	0	0	0	0	0	0	0	0	254427	1852	8	0.008599813927773498
SRX1549383	4441170	9370	48	2719807	0	0	0	0	0	0	0	0	0	1705396	6535	14	0.2109804398390514
SRX1549384	3404552	787535	2039	2219321	0	0	0	0	0	0	0	0	0	352020	42999	638	23.131824686478573
SRX1983453	4836266	41093	1065	1256929	0	0	0	0	0	0	0	0	0	3526651	10503	25	0.849684446637137
SRX2629499	46520700	33673	2316	46472895	0	0	0	0	1425	0	0	0	0	8501	1714	176	0.07238283172867133
SRX2629500	46441132	12716	1585	46422623	0	0	0	0	594	0	0	0	0	2702	799	113	0.02738090018994369
SRX2722002	3212703	2353232	1322	155025	0	0	0	0	15675	0	0	0	0	556387	114702	16360	73.24772940418084
SRX2722003	3544373	2568726	1977	120023	0	0	0	0	12053	0	0	0	0	718846	109214	13534	72.47335424347268
SRX2722004	3699893	2501759	1925	182165	0	0	0	0	16672	0	0	0	0	868320	113499	15553	67.61706352048559
SRX2722005	3900262	2984229	13	187481	0	0	0	0	23617	0	0	0	0	553111	128062	23749	76.51355216649549
SRX2722006	4254486	3297250	4	214045	0	0	0	0	24369	0	0	0	0	568679	125608	24531	77.5005488324559
SRX2722007	3632216	2825009	17	170060	0	0	0	0	28690	0	0	0	0	457381	127663	23396	77.77645932951124
SRX2722008	3299113	2550108	1675	179302	0	0	0	0	35118	0	0	0	0	392004	117853	23053	77.29677643657553
SRX2722009	3699440	2849246	13845	218150	0	0	0	0	33414	0	0	0	0	427424	132994	24367	77.01830547326082
SRX2722010	3843536	3045134	2196	145372	0	0	0	0	39827	0	0	0	0	437737	134295	38975	79.22740934389583
SRX2722011	3901254	2999352	714	150094	0	0	0	0	39444	0	0	0	0	540840	134727	36083	76.8817411017073
SRX2722012	4300092	3348415	1734	171981	0	0	0	0	45980	0	0	0	0	541072	149149	41761	77.86845025641311
SRX2722013	4519819	3747839	1336	183046	0	0	0	0	43154	0	0	0	0	320107	181991	42346	82.92011250893012
SRX2722014	3731954	3139983	685	146334	0	0	0	0	38451	0	0	0	0	251771	117556	37174	84.13777340235168
SRX2722015	3417689	2843453	1141	146825	0	0	0	0	32119	0	0	0	0	238772	123563	31816	83.19812013322453
SRX2722016	3636707	2987836	968	179003	0	0	0	0	33434	0	0	0	0	265132	138038	32296	82.15773225613171
SRX2722017	3869151	3179072	911	215979	0	0	0	0	36304	0	0	0	0	268326	131869	36690	82.16458856219361
SRX2722018	4484049	3691113	1434	213250	0	0	0	0	44302	0	0	0	0	344586	149210	40154	82.31651795062899
SRX3489448	5074248	3136969	1155012	140919	0	0	0	0	2169	0	0	0	0	497603	135343	6233	61.821357568648594
SRX3489449	10629118	5447589	3495797	499264	0	0	0	0	7897	0	0	0	0	902392	265966	10213	51.25156198284749
SRX3489450	4052044	2246496	1129378	110577	0	0	0	0	3587	0	0	0	0	457581	100916	3509	55.44105641498464
SRX3489451	3246350	2040183	450797	336702	0	0	0	0	2713	0	0	0	0	321605	90967	3383	62.845441803872035
SRX3489452	4388157	2396392	1126641	357538	0	0	0	0	3315	0	0	0	0	400021	100166	4084	54.61044351877109
SRX3489453	4732980	2107293	1900903	292931	0	0	0	0	9175	0	0	0	0	324679	94994	3005	44.52359824043203
SRX4065827	6346730	5245107	310	251229	0	0	0	0	142778	0	0	0	0	366318	254387	86601	82.64266795656977
SRX4065829	5475202	4319077	510	394352	0	0	0	0	136958	0	0	0	0	342315	206760	75230	78.8843407056032
SRX4065834	5063159	4073012	734	273543	0	0	0	0	144426	0	0	0	0	306098	193575	71771	80.44408638954455
SRX4065836	6052538	4957585	442	250386	0	0	0	0	128162	0	0	0	0	398072	240813	77078	81.90919247429756
SRX4065848	5841011	4832650	748	236383	0	0	0	0	115397	0	0	0	0	341756	232495	81582	82.73653311044954
SRX4913542	4661170	1279995	1658782	1555102	0	0	0	0	0	0	0	0	0	132558	33923	810	27.4608091959744
SRX4913543	4060577	1808912	1863	1889189	0	0	0	0	0	0	0	0	0	328914	30675	1024	44.54815165430922
SRX4913544	21483	5	4	21474	0	0	0	0	0	0	0	0	0	0	0	0	0.02327421682260392
SRX5014557	3330622	2666465	279	214480	0	0	0	0	57777	0	0	0	0	229279	130777	31565	80.0590700475767
SRX5014562	7165618	4906870	43194	1491796	0	0	0	0	47904	0	0	0	0	453945	159265	62644	68.47797356766716
SRX5014564	6871312	5785137	2000	296044	0	0	0	0	52356	0	0	0	0	497068	168581	70126	84.19261125095178
SRX5014568	7751925	6448584	3738	359959	0	0	0	0	66008	0	0	0	0	590892	202181	80563	83.18687293801217
SRX5014569	2745401	2098898	311	279964	0	0	0	0	55548	0	0	0	0	181290	101260	28130	76.45141820812333
SRX5014570	7498117	4225726	83634	2575543	0	0	0	0	40397	0	0	0	0	377777	142489	52551	56.35716273832484
SRX5014574	3527577	2852785	212	219702	0	0	0	0	65495	0	0	0	0	214235	139162	35986	80.870949096221
SRX5014577	3005149	2375016	400	224890	0	0	0	0	69990	0	0	0	0	190084	113090	31679	79.03155550689833
SRX5014579	3598339	2916800	540	224236	0	0	0	0	58663	0	0	0	0	218546	141837	37717	81.05962223125725
SRX5014581	7961304	6357293	13942	650247	0	0	0	0	75766	0	0	0	0	545179	226309	92568	79.85240860040014
SRX5014583	8313637	6965753	1895	417239	0	0	0	0	75832	0	0	0	0	531495	230539	90884	83.7870717713559
SRX5014587	7259582	5885448	1322	287046	0	0	0	0	54254	0	0	0	0	683221	261926	86365	81.07144460934528
SRX5014588	7042088	5773445	2226	281146	0	0	0	0	57177	0	0	0	0	617809	231115	79170	81.98484597181972
SRX502154	4399924	394995	263399	3708856	0	0	0	0	0	0	0	0	0	16699	15474	501	8.97731415360811
SRX502155	3728556	649339	671281	2347305	0	0	0	0	0	0	0	0	0	35805	23951	875	17.41529428550892
SRX502158	2628457	1011377	474157	1006898	0	0	0	0	0	0	0	0	0	77897	56667	1461	38.47797395962726
SRX5233212	2503816	262308	1649373	446877	0	0	0	0	0	0	0	0	0	136779	7922	557	10.47632893151893
SRX5233213	3440571	396221	2408433	530900	0	0	0	0	0	0	0	0	0	94464	9762	791	11.516140780120509
SRX5233214	2019225	254953	1646182	62725	0	0	0	0	0	0	0	0	0	45846	9206	313	12.626279884609193
SRX5233215	2644016	425116	2062211	87402	0	0	0	0	0	0	0	0	0	53377	15190	720	16.07842010033222
SRX5233216	1711396	281116	1341728	39711	0	0	0	0	0	0	0	0	0	37810	10603	428	16.426122300157296
SRX5233217	3464091	4453	16007	284688	0	0	0	0	0	0	0	0	0	3158764	172	7	0.12854743134634744
SRX5299657	23591803	17027637	209868	815877	0	0	0	0	9335	0	0	0	0	4406297	1105919	16870	72.17607318948875
SRX5299658	24467085	17806678	97665	636082	0	0	0	0	9538	0	0	0	0	4731384	1168179	17559	72.77809350807422
SRX5299659	23947875	17948369	152391	519021	0	0	0	0	10096	0	0	0	0	4217271	1082051	18676	74.94764775580298
SRX5299660	23617046	18477817	57840	652997	0	0	0	0	8731	0	0	0	0	3824031	576020	19610	78.2393234107263
SRX5299661	22780507	17326083	24896	631770	0	0	0	0	9529	0	0	0	0	4220357	550346	17526	76.05661717713306
SRX5299662	22759044	17440763	115607	588085	0	0	0	0	9281	0	0	0	0	4007362	579032	18914	76.63223024657802
SRX5299663	22274397	17258796	918943	479399	0	0	0	0	9133	0	0	0	0	2783461	807392	17273	77.48266316704331
SRX5299664	23401065	17911982	1365953	501955	0	0	0	0	8355	0	0	0	0	2784854	810662	17304	76.54344791572521
SRX5299665	23692551	18725114	185442	509220	0	0	0	0	11820	0	0	0	0	3365719	876875	18361	79.03376044225884
SRX5505131	7676566	5720663	846	332544	0	0	0	0	309846	0	0	0	0	876856	321800	114011	74.521120511437
SRX5505132	7546157	5535246	1447	360396	0	0	0	0	293151	0	0	0	0	962775	287819	105323	73.35185313531113
SRX5505133	5291403	4026096	230	182290	0	0	0	0	179115	0	0	0	0	558549	259244	85879	76.08749513125346
SRX5505134	5038135	3799197	204	212073	0	0	0	0	133779	0	0	0	0	550853	262907	79122	75.40879710448411
SRX5505135	4938707	3676658	5502	211657	0	0	0	0	183846	0	0	0	0	514584	264554	81906	74.44576080338436
SRX5505136	4886998	3358788	237	188839	0	0	0	0	97420	0	0	0	0	772747	396345	72622	68.72906434584176
SRX5505137	4067989	3106121	193	166534	0	0	0	0	114933	0	0	0	0	409929	205495	64784	76.35519663401253
SRX5505138	6180249	4543612	324	287836	0	0	0	0	332845	0	0	0	0	581639	325675	108318	73.51826762966994
SRX5505139	4374835	3251993	187	183475	0	0	0	0	159931	0	0	0	0	473876	234176	71197	74.33407202785934
SRX5505140	6661184	4625446	343	273593	0	0	0	0	185471	0	0	0	0	990141	488082	98108	69.43879646621382
SRX5505141	7213985	4901799	476721	313441	0	0	0	0	271531	0	0	0	0	906568	251283	92642	67.94856102417735
SRX5505142	5702501	3181443	1275233	248394	0	0	0	0	241761	0	0	0	0	513979	175300	66391	55.79031025158962
SRX5505143	7659809	5504808	1220	364441	0	0	0	0	421004	0	0	0	0	941517	311577	115242	71.86612616580909
SRX5505144	7650621	5556914	1244	392625	0	0	0	0	397194	0	0	0	0	886802	307636	108206	72.63350256142606
SRX5797722	33740026	27851287	10099	553631	0	0	0	0	12213	0	0	0	0	3770344	1473489	68963	82.54672654964759
SRX5797723	34346558	28533714	12210	563891	0	0	0	0	13526	0	0	0	0	3738449	1411037	73731	83.0759053061445
SRX5797724	32720906	27119829	8040	536941	0	0	0	0	12177	0	0	0	0	3598769	1375739	69411	82.88226799099021
SRX5797725	22351701	19489111	16855	553946	0	0	0	0	12062	0	0	0	0	1359104	868799	51824	87.19296576130829
SRX5797726	27234585	23722144	5261	656177	0	0	0	0	15787	0	0	0	0	1732879	1041220	61117	87.10301258491731
SRX5797727	36146127	31014900	6782	875678	0	0	0	0	20255	0	0	0	0	2772651	1381063	74798	85.80421354686216
SRX5806783	34125557	28676870	5631	577291	0	0	0	0	16617	0	0	0	0	3428472	1351806	68870	84.03341226049439
SRX5806784	31846804	26652645	8168	545352	0	0	0	0	14255	0	0	0	0	3236851	1323540	65993	83.69017186151552
SRX5806785	27494679	23186696	14423	486966	0	0	0	0	12163	0	0	0	0	2711590	1026467	56374	84.33157557504126
SRX5806786	29422232	24339007	4521	580750	0	0	0	0	17234	0	0	0	0	3169934	1256003	54783	82.72318361163083
SRX5806787	28027589	23384015	3005	582312	0	0	0	0	14388	0	0	0	0	2876542	1114948	52379	83.43213181840223
SRX5806788	28656999	23704993	9020	542593	0	0	0	0	17305	0	0	0	0	3143169	1185146	54773	82.71973279546823
SRX6877996	3459423	865453	696207	176807	0	0	0	0	0	0	0	0	0	1634412	84300	2244	25.017264439763508
SRX6877997	3620963	796396	774155	244824	0	0	0	0	0	0	0	0	0	1718434	85277	1877	21.99403860243808
SRX6877998	5174980	199709	291103	3527488	0	0	0	0	0	0	0	0	0	1130942	25456	282	3.8591260256078286
SRX6877999	8645841	858579	2266501	3295299	0	0	0	0	0	0	0	0	0	2061153	162139	2170	9.930543483277104
SRX6878000	4536831	462570	947668	1928964	0	0	0	0	0	0	0	0	0	1134297	62350	982	10.195883426118362
SRX6878001	42791439	624058	510430	39981004	0	0	0	0	0	0	0	0	0	1624033	49862	2052	1.4583711475559398
SRX6878002	78466863	485188	244000	76580633	0	0	0	0	0	0	0	0	0	1136116	19983	943	0.6183349014475066
SRX6878003	21411737	284948	261615	20467788	0	0	0	0	0	0	0	0	0	383298	13196	892	1.3308028209014524
SRX6878004	29102777	191740	58976	28313094	0	0	0	0	0	0	0	0	0	528745	9917	305	0.6588374710770728
SRX6878005	7315166	91350	47779	6802317	0	0	0	0	0	0	0	0	0	370994	2596	130	1.2487754891686669
SRX6878006	37133835	454983	145526	35349892	0	0	0	0	0	0	0	0	0	1146430	35799	1205	1.2252518491558977
SRX6878007	24745401	215115	261915	23105586	0	0	0	0	0	0	0	0	0	1154552	7870	363	0.869313049321771
SRX6878008	7235670	1064281	1749572	230385	0	0	0	0	0	0	0	0	0	4124933	65245	1254	14.70881065609681
SRX6878009	32988459	369333	158481	31312965	0	0	0	0	0	0	0	0	0	1139507	7433	740	1.1195824576104023
SRX6878010	45127309	215840	70168	44429548	0	0	0	0	0	0	0	0	0	407109	4295	349	0.4782913157972703
SRX6878011	10935378	3873778	400078	2294870	0	0	0	0	0	0	0	0	0	4154789	205747	6116	35.42427157067639
SRX6878012	13776109	4957765	788626	3776400	0	0	0	0	0	0	0	0	0	3963989	281131	8198	35.988137143804536
SRX6878013	8067683	91967	1612029	6111753	0	0	0	0	0	0	0	0	0	242390	9388	156	1.139943153443188
SRX6878014	16151970	194260	3168857	12247590	0	0	0	0	0	0	0	0	0	523616	17294	353	1.202701589960853
SRX6878015	19204879	203654	3524794	14903682	0	0	0	0	0	0	0	0	0	552323	20024	402	1.0604284463338716
SRX6878016	18148272	197850	3332252	14116578	0	0	0	0	0	0	0	0	0	482004	19172	416	1.0901864375848014
SRX6878017	9583944	1950277	857775	3064717	0	0	0	0	0	0	0	0	0	3567350	140239	3586	20.34941982131782
SRX6878018	13977311	3595733	426781	3769510	0	0	0	0	0	0	0	0	0	5865463	313626	6198	25.72549898904017
SRX6878019	12024615	1863927	4620166	339303	0	0	0	0	0	0	0	0	0	5080827	117927	2465	15.500928719963175
SRX6878020	17625520	1365757	1171568	9728420	0	0	0	0	0	0	0	0	0	5278117	79837	1821	7.748747271002501
SRX6878021	31183500	3190043	1887462	16752663	0	0	0	0	0	0	0	0	0	9157064	191999	4269	10.229906841759263
SRX6878022	33871967	2865451	3519845	18374762	0	0	0	0	0	0	0	0	0	8926873	181061	3975	8.45965337649272
SRX6878023	13591979	1646128	6368485	327687	0	0	0	0	0	0	0	0	0	5160706	87026	1947	12.111025186251391
SRX6878024	4266992	1283778	226872	261583	0	0	0	0	0	0	0	0	0	2362902	128128	3729	30.086252798224134
SRX6878025	5115799	2087840	364587	409053	0	0	0	0	0	0	0	0	0	2075648	171801	6870	40.811611245867944
SRX6878026	5983490	901971	693816	232901	0	0	0	0	0	0	0	0	0	4066623	86273	1906	15.0743295300903
SRX6878027	3894692	992167	700945	205700	0	0	0	0	0	0	0	0	0	1881368	112531	1981	25.47485141315411
SRX6878028	2885338	130184	251270	2018503	0	0	0	0	0	0	0	0	0	470275	14956	150	4.511915068529233
SRX7125364	28092254	15547171	794821	8019079	0	0	0	0	0	0	0	0	0	2962972	751541	16670	55.34326651040532
SRX7125365	30859753	16133334	932748	9774829	0	0	0	0	0	0	0	0	0	3226700	774800	17342	52.27953055878315
SRX7125366	25289569	3845799	649299	19614253	0	0	0	0	0	0	0	0	0	966213	208064	5941	15.207056316380877
SRX7125367	20096153	1322198	659750	17695386	0	0	0	0	0	0	0	0	0	348386	68343	2090	6.579358745925153
SRX7125368	32207012	18598668	1028372	8008694	0	0	0	0	0	0	0	0	0	3644940	906982	19356	57.747263235720226
SRX7125369	18551721	253242	763717	17409305	0	0	0	0	0	0	0	0	0	104836	20008	613	1.365059338699628
SRX7125370	21736425	131169	42342	20908171	0	0	0	0	0	0	0	0	0	647959	6601	183	0.6034524996635832
SRX7125371	21409997	362167	692344	20254424	0	0	0	0	0	0	0	0	0	79981	20463	618	1.6915789385678102
SRX7125372	30932563	5117644	507420	23560135	0	0	0	0	0	0	0	0	0	1480630	259453	7281	16.5445197670817
SRX7125373	26532048	1543878	28134	24551555	0	0	0	0	0	0	0	0	0	335957	70625	1899	5.818917559624497
SRX7125374	28674730	1311806	107185	26949662	0	0	0	0	0	0	0	0	0	238332	65743	2002	4.574780651814333
SRX7125375	20851647	641166	632180	19406341	0	0	0	0	0	0	0	0	0	133300	37571	1089	3.0748937961591234
SRX8049163	11820140	4266994	587140	780065	0	0	0	0	0	0	0	0	0	5789754	390655	5532	36.09935246113836
SRX8049164	10978660	4083570	372141	632180	0	0	0	0	0	0	0	0	0	5533451	351634	5684	37.19552295088836
SRX8049165	11639396	4203660	232087	690202	0	0	0	0	0	0	0	0	0	6136829	372105	4513	36.11579157543914
SRX8049166	11123014	4093693	734582	617813	0	0	0	0	0	0	0	0	0	5152307	520218	4401	36.8038105499103
SRX8049167	11433797	3805691	227774	751651	0	0	0	0	0	0	0	0	0	5993427	650943	4311	33.28457729308995
SRX8049168	9989235	4116546	103233	523874	0	0	0	0	0	0	0	0	0	4743396	498376	3810	41.20982237378538
SRX8164260	11998424	10036762	14895	150759	0	0	0	0	139586	0	0	0	0	669999	491312	495111	83.65066945458837
SRX8164261	8315963	6950896	497	122842	0	0	0	0	101037	0	0	0	0	459600	355944	325147	83.58497987545158
SRX8164262	8386598	6973435	23440	123737	0	0	0	0	41002	0	0	0	0	602795	332633	289556	83.14974677455626
SRX8164263	8307748	6893237	4192	107006	0	0	0	0	83531	0	0	0	0	603058	324014	292710	82.97359284369243
SRX8164264	11629115	8258355	1604723	133481	0	0	0	0	131304	0	0	0	0	644029	462622	394601	71.01447530616043
SRX8164265	9853405	6060020	2498983	140692	0	0	0	0	97913	0	0	0	0	486251	287792	281754	61.501785423414546
SRX8164266	7694035	6135303	3998	156469	0	0	0	0	67960	0	0	0	0	710948	339049	280308	79.74103315100595
SRX8164267	11116972	9229902	7206	126045	0	0	0	0	105755	0	0	0	0	770116	439115	438833	83.02532380220082
SRX8164268	10192871	8342351	77664	120507	0	0	0	0	86690	0	0	0	0	752632	471828	341199	81.8449581084662
SRX8164269	11610217	9505096	3785	178628	0	0	0	0	125062	0	0	0	0	948149	427482	422015	81.86837506999223
SRX8164270	8084559	6466325	22133	139252	0	0	0	0	50483	0	0	0	0	800875	332074	273417	79.98364536643248
SRX8164271	9029353	6959251	13075	172123	0	0	0	0	81338	0	0	0	0	1180124	330336	293106	77.07363971704285
SRX8164272	7018601	5875270	17220	107872	0	0	0	0	86427	0	0	0	0	399649	289846	242317	83.70998721825048
SRX8164273	7610331	6448013	921	113718	0	0	0	0	76195	0	0	0	0	399301	307435	264748	84.72710319695688
SRX8164274	12118150	10082997	15607	194840	0	0	0	0	134430	0	0	0	0	844285	438522	407469	83.20574510135623
SRX8164275	9259985	7661553	33386	134725	0	0	0	0	92281	0	0	0	0	676519	364171	297350	82.7382873730357
SRX8164276	7909051	6648958	526	131670	0	0	0	0	64975	0	0	0	0	534305	269635	258982	84.06770926119961
SRX8164277	9657506	6114686	2410804	142398	0	0	0	0	75231	0	0	0	0	393858	257114	263415	63.31537355503585
SRX8164278	8478787	7004358	55127	128791	0	0	0	0	63289	0	0	0	0	656853	297796	272573	82.61037811186907
SRX8164279	9302670	7652823	32697	126764	0	0	0	0	73473	0	0	0	0	756941	344294	315678	82.26480139572833
SRX8164280	8996905	7506004	3864	141508	0	0	0	0	44773	0	0	0	0	742134	296421	262201	83.42873465930784
SRX8164281	8795415	7331874	4142	124753	0	0	0	0	64546	0	0	0	0	668071	318855	283174	83.36018254965798
SRX8164282	8018303	6749008	12882	122645	0	0	0	0	36791	0	0	0	0	540178	282131	274668	84.17002949377193
SRX8164283	9156907	7512910	152707	143844	0	0	0	0	74417	0	0	0	0	634242	328593	310194	82.04637220843239
SRX8164284	9225166	7725384	1084	127196	0	0	0	0	119393	0	0	0	0	622142	320736	309231	83.74249308901325
SRX8164285	10536799	8662984	18585	145280	0	0	0	0	98726	0	0	0	0	949587	353177	308460	82.21646820822909
SRX8164286	8748185	7226346	34146	131544	0	0	0	0	39675	0	0	0	0	678983	320430	317061	82.60394584705286
SRX8164287	6115560	5072050	14088	76533	0	0	0	0	61795	0	0	0	0	437835	222583	230676	82.93680382499721
SRX8164288	9104110	7328148	2709	124001	0	0	0	0	53828	0	0	0	0	995258	312027	288139	80.49274448573227
SRX8164289	9995766	7772729	3547	144459	0	0	0	0	55994	0	0	0	0	1389713	323539	305785	77.76021367446977
SRX8164290	10026695	8255065	34484	199966	0	0	0	0	69548	0	0	0	0	771115	347821	348696	82.33086774854526
SRX8164291	9557637	7885670	124246	130316	0	0	0	0	68162	0	0	0	0	684280	327478	337485	82.50648146607786
SRX8164292	7390568	5848119	5405	98423	0	0	0	0	37564	0	0	0	0	924309	246540	230208	79.1294931593891
SRX8164293	10629868	8694547	3846	143783	0	0	0	0	78787	0	0	0	0	952437	374111	382357	81.79355566785965
SRX8164294	10394584	8458765	2528	153249	0	0	0	0	48721	0	0	0	0	1007542	363328	360451	81.37665730538134
SRX8164295	9345512	7509816	420565	113041	0	0	0	0	59520	0	0	0	0	656983	288327	297260	80.35745928098963
SRX8164296	9062886	7463394	504	204807	0	0	0	0	67676	0	0	0	0	761289	318411	246805	82.35118482125893
SRX8164297	8128424	6714237	152	190338	0	0	0	0	58199	0	0	0	0	661373	282702	221423	82.60195334298506
SRX8164298	9470067	7689860	1378	183245	0	0	0	0	86325	0	0	0	0	846935	379757	282567	81.20174862543212
SRX8164299	8961973	7242584	178	143152	0	0	0	0	128956	0	0	0	0	785913	363687	297503	80.81461526384871
SRX8164300	8299146	6573029	386174	125539	0	0	0	0	122342	0	0	0	0	504081	292818	295163	79.20126962460957
SRX8164301	10210198	8501057	787	147105	0	0	0	0	120408	0	0	0	0	760152	330591	350098	83.26045195205812
SRX8164302	6868780	5743114	173	85780	0	0	0	0	88303	0	0	0	0	426450	257644	267316	83.61184955698101
SRX8164303	8890812	7377862	655	124638	0	0	0	0	122969	0	0	0	0	600852	327614	336222	82.98299412922015
SRX8164304	10724127	8525305	220271	186205	0	0	0	0	107177	0	0	0	0	950718	409543	324908	79.49649421346838
SRX8164305	8652693	6997369	1915	159681	0	0	0	0	80690	0	0	0	0	834849	313053	265136	80.8692623209907
SRX8164306	8517516	7039970	13892	127686	0	0	0	0	88696	0	0	0	0	639291	328690	279291	82.65285324970331
SRX8164307	6389600	5272306	261	94674	0	0	0	0	69342	0	0	0	0	483797	260831	208389	82.5138662827094
SRX8387559	5622932	3745029	79	1174354	0	0	0	0	199985	0	0	0	0	313063	128556	61866	66.60277947519194
SRX8387560	6051063	4118719	91	1215656	0	0	0	0	171062	0	0	0	0	342160	137864	65511	68.06604062790291
SRX8387561	9417939	7972350	143	212819	0	0	0	0	48183	0	0	0	0	384183	451801	348460	84.65068631257859
SRX8387562	9408236	7941644	68	182496	0	0	0	0	81799	0	0	0	0	367870	463073	371286	84.41161552495069
SRX8387563	8969615	7516291	7098	178370	0	0	0	0	64074	0	0	0	0	490288	388573	324921	83.79725328233152
SRX8387564	9460053	8069731	31632	148935	0	0	0	0	67735	0	0	0	0	441798	360838	339384	85.30323244489222
SRX8387565	9343205	7825375	49	170023	0	0	0	0	81386	0	0	0	0	645346	338600	282426	83.75471800094293
SRX8387566	9934405	8436531	38	185306	0	0	0	0	61091	0	0	0	0	636563	340693	274183	84.92235820866976
SRX8387567	11248240	9360135	337	205241	0	0	0	0	87076	0	0	0	0	673605	499408	422438	83.2142184021678
SRX8387568	10798715	8923747	399	215819	0	0	0	0	84304	0	0	0	0	690379	483086	400981	82.63711932391956
SRX8387571	5306765	3557392	361	1091478	0	0	0	0	173618	0	0	0	0	301174	123873	58869	67.03503923765231
SRX8387574	10323041	8564253	2617	194018	0	0	0	0	77371	0	0	0	0	923616	274263	286903	82.96250106921012
SRX8387575	8017526	6637412	1933	121583	0	0	0	0	81877	0	0	0	0	584055	267990	322676	82.78628594406803
SRX8387576	9069967	7492703	401	165521	0	0	0	0	84399	0	0	0	0	829157	242842	254944	82.61003595713193
SRX8387577	7705606	6386355	1190	127894	0	0	0	0	75653	0	0	0	0	536873	259348	318293	82.87933486347472
SRX8387582	6844540	4579782	91	1409152	0	0	0	0	222251	0	0	0	0	398203	160573	74488	66.9114651970768
SRX8387589	6351552	4101857	368	1510769	0	0	0	0	202872	0	0	0	0	296298	162384	77004	64.58038917102465
SRX8387590	5478072	3726980	1102	1073571	0	0	0	0	181875	0	0	0	0	279133	147002	68409	68.03452017425109
SRX8387591	6159833	3810553	1217	1193727	0	0	0	0	189251	0	0	0	0	490589	404002	70494	61.86130370742193
SRX8387592	6875668	4256308	384	1302973	0	0	0	0	210784	0	0	0	0	575869	448274	81076	61.903919735507884
SRX8387593	11125283	9398759	9331	194526	0	0	0	0	66946	0	0	0	0	629315	449603	376803	84.48107791954595
SRX8387594	7847307	6692850	421	129536	0	0	0	0	38981	0	0	0	0	414083	304289	267147	85.28849451155665
SRX8420202	7550768	6482698	10017	108558	0	0	0	0	65717	0	0	0	0	477497	189400	216881	85.85481635775328
SRX8420203	8657676	7423622	25448	144464	0	0	0	0	99317	0	0	0	0	405689	280889	278247	85.74612863775451
SRX8420204	9440271	45044	21	159331	0	0	0	0	110452	0	0	0	0	9107380	17243	800	0.4771473191818328
SRX8420205	9226276	43555	1	149010	0	0	0	0	131335	0	0	0	0	8885670	15778	927	0.4720756240112479
SRX8420206	8574599	7369100	1439	156668	0	0	0	0	87373	0	0	0	0	428490	264901	266628	85.94104517307457
SRX8420207	8982758	37781	390	162736	0	0	0	0	92264	0	0	0	0	8675676	13070	841	0.42059465478197233
SRX8420208	9493978	43477	1	153213	0	0	0	0	92771	0	0	0	0	9187797	15966	753	0.457942919185193
SRX8420209	8302084	7198530	2587	112379	0	0	0	0	77882	0	0	0	0	403754	253610	253342	86.70750621169336
SRX9633794	30021532	9788571	9629084	2297824	0	0	0	0	127733	0	0	0	0	7597996	573232	7092	32.605168183955435
SRX9633795	25372830	8910582	7845573	1915487	0	0	0	0	43960	0	0	0	0	6076781	573405	7042	35.11859733423508
SRX9633796	27086552	8611526	9306674	2945500	0	0	0	0	26872	0	0	0	0	5598268	590916	6796	31.79262535888658
SRX9633797	26076182	9585332	7810247	2415977	0	0	0	0	24556	0	0	0	0	5281206	952098	6766	36.75895497277937
SRX9633798	35827655	14291405	10919928	906021	0	0	0	0	30900	0	0	0	0	8479996	1188863	10542	39.889311762101094
SRX9633799	22782002	7919040	7351311	2378498	0	0	0	0	13608	0	0	0	0	4395393	718594	5558	34.76007069089012
SRX9633800	22104826	6519491	9404603	1820559	0	0	0	0	39617	0	0	0	0	3597474	718672	4410	29.493518745635004
SRX9633801	33377970	11575009	12318672	1562413	0	0	0	0	43215	0	0	0	0	6609045	1261802	7814	34.67858890160186
SRX9633802	43042513	16344984	14902395	1689131	0	0	0	0	69021	0	0	0	0	8270463	1755246	11273	37.974046729102454
SRX9682649	4203639	1961550	13153	2023946	0	0	0	0	362	0	0	0	0	153250	44653	6725	46.663141149846595
SRX9682654	11284561	7529091	147964	536859	0	0	0	0	2267	0	0	0	0	2415661	634143	18576	66.72028269420494
SRX9682659	10961324	9273414	21720	393787	0	0	0	0	921	0	0	0	0	846250	378468	46764	84.60122153126758
SRX9682664	9154285	7458910	74697	331074	0	0	0	0	987	0	0	0	0	896319	351963	40335	81.47998450998631
SRX9682669	15113256	11918583	129821	477441	0	0	0	0	5120	0	0	0	0	2011946	511756	58589	78.8617820011783
SRX9682674	16000652	12206042	29474	587499	0	0	0	0	2838	0	0	0	0	2462771	636057	75971	76.28465390035356
SRX9699053	10053306	7151792	256975	527379	0	0	0	0	943	0	0	0	0	1819235	250541	46441	71.13870800311858
SRX9699054	8611201	6028525	269246	723723	0	0	0	0	856	0	0	0	0	1334954	216544	37353	70.00794662672489
SRX9699055	10020941	8004940	290797	528533	0	0	0	0	752	0	0	0	0	873993	276085	45841	79.88211885490594
SRX9699056	9895731	7560141	286646	649271	0	0	0	0	898	0	0	0	0	1087926	263768	47081	76.39800435157342
SRX973265	14162597	2442291	5523456	4427622	0	0	0	0	0	0	0	0	0	1393481	368451	7296	17.24465505867321
SRX973266	11416763	540740	6670891	1956704	0	0	0	0	0	0	0	0	0	2076929	166621	4878	4.7363687938516374
SRX973267	10917117	1151713	7370891	1931841	0	0	0	0	0	0	0	0	0	371066	89399	2207	10.549607556647054
SRX973268	10313500	1075363	7201017	1728300	0	0	0	0	0	0	0	0	0	233526	73472	1822	10.426751345324089
SRX9960951	22591144	16964547	132216	1012808	0	0	0	0	0	0	0	0	0	3617797	849518	14258	75.09379339089689
SRX9960952	20458255	15555234	94090	894650	0	0	0	0	0	0	0	0	0	3061758	838205	14318	76.03402147446104
SRX9960953	26565015	20097349	555439	1172524	0	0	0	0	0	0	0	0	0	3877351	845796	16556	75.65344495382367
SRX9960954	9063282	6861441	140678	496085	0	0	0	0	0	0	0	0	0	1212780	346244	6054	75.7059197760811
SRX9960955	25427994	19971498	456152	1104285	0	0	0	0	0	0	0	0	0	3208561	664336	23162	78.54138238352581
SRX9960956	12873499	10033762	75330	517603	0	0	0	0	0	0	0	0	0	1789930	445764	11110	77.94121862284683
SRX9960957	14941547	11480127	91102	604625	0	0	0	0	0	0	0	0	0	2288900	466098	10695	76.83359025675186
SRX9960958	16123326	12197234	63186	675435	0	0	0	0	0	0	0	0	0	2569142	606733	11596	75.64961472589464
SRX9960959	16596919	12639349	125343	813200	0	0	0	0	0	0	0	0	0	2407236	601032	10759	76.154791139247
SRX9960960	7449388	5571740	41669	400002	0	0	0	0	0	0	0	0	0	1116018	314499	5460	74.79460057658429
SRX9960961	15261742	11449242	60241	806728	0	0	0	0	0	0	0	0	0	2370775	561886	12870	75.01923437049322
SRX9960962	11399627	8478436	74258	602430	0	0	0	0	0	0	0	0	0	1733091	503155	8257	74.37467910134252
SRX9960963	9511862	7078535	49269	518016	0	0	0	0	0	0	0	0	0	1512040	346964	7038	74.41797410433415
SRX9960964	15076269	11019322	83291	797887	0	0	0	0	0	0	0	0	0	2455945	708045	11779	73.09051065618424
SRX9960965	13818923	10821066	83675	791948	0	0	0	0	0	0	0	0	0	1756672	354206	11356	78.30614585521607
SRX9960966	20364924	15743944	323341	958515	0	0	0	0	0	0	0	0	0	2555180	768886	15058	77.30912229282073
Vir_1	4561685	3020831	1338	1054231	0	0	0	0	7648	0	0	0	0	302083	155205	20349	66.22182373399303
Vir_10	4257162	2838508	2371	1032177	0	0	0	0	4581	0	0	0	0	208790	151866	18869	66.67606259757088
Vir_11	3683488	2637800	996	673715	0	0	0	0	62130	0	0	0	0	161239	120943	26665	71.6114726042273
Vir_12	4604981	3240348	4536	898262	0	0	0	0	75727	0	0	0	0	204992	151296	29820	70.36615351941734
Vir_13	4298140	3036194	369	796941	0	0	0	0	55136	0	0	0	0	205103	178065	26332	70.63971857594215
Vir_14	4255947	2926594	1351	838545	0	0	0	0	30243	0	0	0	0	258172	181074	19968	68.7648130956518
Vir_15	5190859	3482570	3896	1057674	0	0	0	0	73399	0	0	0	0	317385	224284	31651	67.09043724747676
Vir_16	4710499	3105015	3236	1003854	0	0	0	0	73292	0	0	0	0	281995	215063	28044	65.91690179745288
Vir_17	4546657	3197800	619	865688	0	0	0	0	49230	0	0	0	0	227372	181860	24088	70.33299410973821
Vir_18	3920051	2736497	5889	752451	0	0	0	0	67780	0	0	0	0	181667	150676	25091	69.80768872649871
Vir_19	3191187	2027299	2657	851892	0	0	0	0	3751	0	0	0	0	179947	112503	13138	63.52805398116751
Vir_2	4549226	2819250	976	1297354	0	0	0	0	12840	0	0	0	0	261124	132423	25259	61.972080525346506
Vir_20	3995473	2689740	754	886287	0	0	0	0	3092	0	0	0	0	245193	156519	13888	67.3196890580915
Vir_3	4458789	3095345	13576	1034059	0	0	0	0	2221	0	0	0	0	100549	195170	17869	69.42120382911145
Vir_4	3247069	2474525	3327	460165	0	0	0	0	37246	0	0	0	0	90969	157462	23375	76.20795862360794
Vir_5	3611607	2563447	596	701462	0	0	0	0	30831	0	0	0	0	161720	136938	16613	70.97801615735045
Vir_6	3675344	2542540	508	739796	0	0	0	0	59861	0	0	0	0	170318	140020	22301	69.17828644067059
Vir_7	3813725	2671201	1945	795316	0	0	0	0	51834	0	0	0	0	135336	138307	19786	70.04178329585903
Vir_8	4084342	2853543	1408	868693	0	0	0	0	45391	0	0	0	0	148875	146616	19816	69.86542752786129
Vir_9	3899916	2566857	434924	533813	0	0	0	0	41278	0	0	0	0	155518	146854	20672	65.81826377798906
