Sample	featureCounts_mqc-generalstats-featurecounts-percent_assigned	featureCounts_mqc-generalstats-featurecounts-Assigned	Bowtie 1_mqc-generalstats-bowtie_1-reads_aligned_percentage	Bowtie 1_mqc-generalstats-bowtie_1-reads_aligned	Cutadapt_mqc-generalstats-cutadapt-percent_trimmed	FastQC_mqc-generalstats-fastqc-percent_duplicates	FastQC_mqc-generalstats-fastqc-percent_gc	FastQC_mqc-generalstats-fastqc-avg_sequence_length	FastQC_mqc-generalstats-fastqc-percent_fails	FastQC_mqc-generalstats-fastqc-total_sequences
CM_1	82.20477357593677	9573660	98.15	11430631.0	1.058961325657863	85.46693848524596	35.0	39.38964162460399	18.181818181818183	11646112.0
CM_10	80.74845248477712	9746725	98.04	11833957.0	1.064992483372346	86.25115890183253	37.0	39.396691713725694	18.181818181818183	12070479.0
CM_11	80.96241052747348	9135613	98.06	11064910.0	1.6351471362626817	84.97145178591299	37.0	39.399880412319604	18.181818181818183	11283771.0
CM_12	81.53209210235363	9136814	97.97	10979007.0	1.0722804433105522	84.81554362129043	37.0	39.38954858124847	18.181818181818183	11206402.0
CM_13	85.83317566128402	9236278	97.97	10542048.0	1.0638067271622833	83.7172369341543	35.0	39.387846570289085	18.181818181818183	10760732.0
CM_14	85.59088425786271	9403095	97.93	10758551.0	1.0694040312923903	83.78226038369048	35.0	39.5727406847238	18.181818181818183	10986094.0
CM_15	85.95118552632593	9257473	98.18	10575031.0	1.0606988629661944	84.55152125814803	36.0	39.577963453718574	18.181818181818183	10770617.0
CM_16	84.57938730924701	9914422	98.06	11494066.0	1.0683224709935508	85.10180451096016	36.0	39.38077437263218	18.181818181818183	11722031.0
CM_2	83.59556417920706	7881669	98.07	9246057.0	1.0383938175973797	83.37544536119516	34.0	39.385722440465095	18.181818181818183	9428334.0
CM_3	79.12706285045785	7407624	98.1	9184053.0	1.0489653193905049	83.92848516232276	36.0	39.58140300001645	18.181818181818183	9361682.0
CM_4	83.79593342102048	7983919	98.21	9357195.0	1.038659538794439	83.62633464613799	35.0	39.3821703240996	18.181818181818183	9527812.0
CM_5	80.4741589560189	9098678	97.88	11066855.0	1.0852234355484975	84.62156383806274	36.0	39.38991759929279	18.181818181818183	11306335.0
CM_6	83.63566867140533	9610108	98.02	11262938.0	1.6817730717841741	84.55252222301165	35.0	39.38178383390299	18.181818181818183	11490442.0
CM_7	84.27106471717768	10143478	97.91	11785343.0	1.0809441266299942	84.53230914832486	35.0	39.569428632883344	18.181818181818183	12036727.0
CM_8	85.07746825592413	9410788	98.05	10845729.0	1.6616630924056666	83.97250224456677	34.0	39.385188484603354	18.181818181818183	11061434.0
CM_9	84.15351569918246	10701588	97.93	12453561.0	1.677218295129186	85.56062295004014	36.0	39.57711458395997	18.181818181818183	12716745.0
Cody_1	70.80333911470973	2393024	79.78	2696335.0	0.3957407563231231	72.0009546254831	35.0	150.56825308345006	18.181818181818183	3379818.0
Cody_2	70.52530113852421	3588754	79.18	4029031.0	0.6003530104897964	75.59567945184514	35.0	150.57146329888053	18.181818181818183	5088605.0
Cody_3	73.63889845313841	7517600	95.33	9731478.0	0.8663708375312572	81.95047138448699	35.0	50.36997052034361	18.181818181818183	10208735.0
Cody_4	75.25305731993346	8233957	97.13	10627896.0	1.326512757992502	84.71578619531746	35.0	50.55831415820462	18.181818181818183	10941691.0
ERX4294041	74.04556354846973	5139818			0.015517513630810734	85.19949498822388	34.0	69.9862930181781	27.27272727272727	6941426.0
ERX4294042	74.14266834078173	6355577			0.015203219186518858	84.39874552664025	34.0	69.92144110462664	27.27272727272727	8572091.0
ERX4294043	75.12894321908513	6678350			0.01634765529125542	83.99697962546573	34.0	69.89341158873525	27.27272727272727	8889184.0
ERX4294044	80.18449251193177	5849142			0.01389315619319579	82.81686193220679	34.0	69.93645111695561	27.27272727272727	7294605.0
ERX4294045	79.79979118261546	5888184			0.15199633394882262	82.7311896124981	35.0	69.95505845477304	27.27272727272727	7378696.0
ERX4294046	79.27725348160996	6216288			0.016217882195406336	82.2374168640537	34.0	69.90042672039993	27.27272727272727	7841200.0
ERX4294047	77.76100335397447	5884749			0.22500534902506358	84.91632079948201	34.0	69.987271493807	27.27272727272727	7567738.0
ERX4294048	74.80043895301577	5337131			0.5510291794633024	84.38600545713444	35.0	69.97990542608716	36.36363636363637	7135160.0
ERX4294049	77.12552904730032	6102431			0.013574356271219511	85.26130222328479	35.0	69.9876706449271	27.27272727272727	7912336.0
ERX4294050	77.50661146589373	5493719			0.279423986422045	84.79066490714078	35.0	69.98611468715369	27.27272727272727	7088065.0
ERX4294051	79.82534553468699	6475080			0.01331486215054115	83.22069172599949	34.0	69.93481080517321	27.27272727272727	8111559.0
ERX4294052	77.66548220272549	5802740			0.27085706222361683	81.8227931239196	34.0	69.90788565490541	27.27272727272727	7471453.0
ERX5228512	80.98500806882461	10886894			0.9153906019244046	88.30661151680351	35.0	49.54654834770973	18.181818181818183	13443098.0
ERX5228513	80.21605089191094	9268712			0.9156290450454005	87.82460643845178	34.0	49.543610146014366	20.0	11554685.0
ERX5228514	81.82595512564014	12007900			0.9108824546133676	88.42078786947013	35.0	49.54540294848465	18.181818181818183	14674928.0
ERX5228515	79.2311061939308	9555437			0.9131666771822703	88.1593036604563	34.0	49.54836918663681	20.0	12060209.0
ERX5228516	81.16035814924548	7550116			0.9163191353669929	87.01026891926749	35.0	49.54327565052521	20.0	9302714.0
ERX5228517	82.35199921924153	11087734			0.9053016900369902	88.77565140853335	35.0	49.548236382349124	18.181818181818183	13463831.0
Metab_1	68.66524156466421	5701939	96.33	7999504.0	1.1935212560313242	81.81980062942299	37.0	50.409884215580334	18.181818181818183	8303967.0
Metab_10	75.74039997996323	4672167	96.63	5961073.0	1.204169829751837	79.79884156743962	36.0	50.57430683070664	18.181818181818183	6168659.0
Metab_11	60.7251487264692	3062767	95.83	4833424.0	0.8116872109826021	78.46255582961291	39.0	50.42600058885868	18.181818181818183	5043655.0
Metab_12	73.43688447395152	4723832	96.85	6229907.0	0.8311904990850297	80.52794833449876	37.0	50.57644516771535	18.181818181818183	6432506.0
Metab_13	74.14939034538709	4789298	96.28	6218554.0	0.833703154814273	79.38408725621362	36.0	50.411934228055955	18.181818181818183	6458985.0
Metab_14	70.09442291684795	4244954	96.01	5814492.0	1.1734826436979604	79.13092224424399	37.0	50.418878903100385	18.181818181818183	6056051.0
Metab_15	61.1513976456868	4194833	96.59	6625956.0	0.8002170063360119	83.4857543521605	40.0	50.59208105251649	18.181818181818183	6859750.0
Metab_16	60.154728331197795	3783961	96.77	6087480.0	0.8065229255641295	82.05227692664413	40.0	50.588868399047435	18.181818181818183	6290380.0
Metab_17	64.352041147528	3618319	96.12	5404362.0	0.8131711365243611	78.26703610569257	38.0	50.41420493197657	18.181818181818183	5622695.0
Metab_18	61.169738890006485	2830919	95.91	4438707.0	0.8055471346579807	79.01445929112394	39.0	50.58945309317924	18.181818181818183	4627973.0
Metab_19	67.19512879925286	4547175	96.85	6554166.0	1.172636182825087	80.03486755594628	38.0	50.42161569471208	18.181818181818183	6767120.0
Metab_2	54.89695010272682	2880135	96.08	5040944.0	0.7896082668843658	79.64970617143868	40.0	50.42648909098152	27.27272727272727	5246439.0
Metab_20	44.70475593434476	3160527	96.57	6827037.0	0.7751893887305085	83.63702346393335	42.0	50.44841648493065	27.27272727272727	7069778.0
Metab_3	66.24559369346406	4262215	96.56	6212824.0	1.1909076041490274	79.95808170613975	38.0	50.41258835926863	18.181818181818183	6433960.0
Metab_4	70.6460725949845	3524996	95.75	4777778.0	0.8231500593423542	77.91876265584173	38.0	50.580430193985315	18.181818181818183	4989656.0
Metab_5	78.22396904203056	4208200	96.78	5206326.0	0.837585787362388	76.72492575393149	36.0	50.402109344401644	18.181818181818183	5379681.0
Metab_6	77.85970248733793	4273125	96.52	5297258.0	0.8382598656785142	78.62955457405923	36.0	50.5727737340789	18.181818181818183	5488237.0
Metab_7	61.583768690190055	4486154	96.95	7062587.0	0.8039547132179307	83.59446972785408	40.0	50.590332092045216	18.181818181818183	7284637.0
Metab_8	66.24036566856094	4439736	96.5	6467649.0	0.8172122201141916	79.16702067076469	38.0	50.41370418605817	18.181818181818183	6702463.0
Metab_9	68.50968726671124	4568389	96.54	6437602.0	0.8231649974138336	79.68886299691265	37.0	50.41463097148002	18.181818181818183	6668238.0
Mia_0	82.87081209605067	4510384	98.2	5344711.0	0.7600239115350165	76.97080065842302	36.0	74.48171329176917	20.0	5442669.0
Mia_1	83.61794222397833	4947779	98.33	5818079.0	0.6659059621345721	78.77199470806177	37.0	74.49451574970686	20.0	5917126.0
Mia_2	83.23418041336247	6807821	98.44	8051189.0	1.1118939593366266	81.54698531092484	34.0	39.36278891718996	20.0	8179117.0
Mia_3	82.46828978810761	6965026	98.14	8288956.0	1.1162221315537764	81.24514332737137	34.0	39.35793614314121	20.0	8445702.0
Mia_4	82.91858068203277	7495212	97.9	8849686.0	1.0747139998775999	82.91745520156805	35.0	39.570646679152226	20.0	9039243.0
Mia_5	83.20110140092703	6335788	98.02	7464204.0	1.0655510007417366	82.4210416045832	35.0	39.57403340157995	20.0	7615029.0
Mia_6	83.80234690448155	5802415	98.08	6790660.0	1.7536712144008797	80.84549162404366	35.0	39.38819649941529	20.0	6923929.0
Muc_1	82.36596616444876	3004124			1.5351083365640097	68.77287669673696	37.0	39.57733636608899	27.27272727272727	3647288.0
Muc_10	87.87248938064386	2624543			1.296354680855896	66.72389030971877	37.0	39.57718807953627	27.27272727272727	2986763.0
Muc_11	86.33048030429325	2570623			1.345010579099824	66.87295390333806	37.0	39.57759027744661	27.27272727272727	2977654.0
Muc_12	87.012751554054	2481233			1.2403852581599963	66.18437368345235	37.0	39.57923027773433	27.27272727272727	2851574.0
Muc_13	63.12359378564083	1665944			2.879842161688263	67.10847150608264	39.0	39.55203930920916	36.36363636363637	2639178.0
Muc_14	63.546376544110984	1976319			2.1213305064359327	70.30158366289241	39.0	39.55898087549943	36.36363636363637	3110042.0
Muc_15	57.578881661931206	1469424			3.3717686445814388	66.17274843621139	40.0	39.5505162775042	36.36363636363637	2552019.0
Muc_16	61.36703483225653	1512706			4.424893200531939	62.47370357863996	39.0	39.52757347422773	27.27272727272727	2465014.0
Muc_17	69.00978781590294	2215081			1.6675216113601086	65.48564997797243	38.0	39.556787370704846	36.36363636363637	3209807.0
Muc_18	68.58028029751861	2835427			1.5369792021557969	70.0763574013945	38.0	39.56185590199842	36.36363636363637	4134464.0
Muc_19	64.07173970306971	2014008			1.416787503629864	71.12489870166533	39.0	39.56901046140377	27.27272727272727	3143364.0
Muc_2	81.84607298932237	2348384			1.2917996080070029	67.42423738355936	36.0	39.58120204135618	27.27272727272727	2869269.0
Muc_20	71.97982784046789	2123695			1.5910184565704744	68.65414816447785	38.0	39.56170326562168	36.36363636363637	2950403.0
Muc_21	59.61545963838585	2231074			1.5960962094382893	74.07898616143413	40.0	39.56758341211434	27.27272727272727	3742442.0
Muc_22	71.64964413742983	2066461			1.615751446332652	68.78923819753484	38.0	39.56182806604027	36.36363636363637	2884119.0
Muc_23	67.26977913004124	1920419			1.5811332256573658	69.71724864773597	39.0	39.5620358259522	27.27272727272727	2854802.0
Muc_24	66.3221327895945	2042662			1.803283272551688	70.0070227274903	39.0	39.56173621956486	36.36363636363637	3079910.0
Muc_3	81.96177461636245	2156093			1.3291596383829576	65.55358136844413	37.0	39.578868839447004	27.27272727272727	2630608.0
Muc_4	82.22305506517894	2492277			1.4410978484995358	66.49554385652556	37.0	39.578469257372774	27.27272727272727	3031117.0
Muc_5	86.01351765512976	2483753			1.30328843359353	67.48503411642244	36.0	39.57854275702124	27.27272727272727	2887631.0
Muc_6	81.12325943180855	2373712			1.232550734366611	68.44930153675027	37.0	39.58011808386443	27.27272727272727	2926056.0
Muc_7	78.0838761466295	2021337			1.244133170241088	67.5954544701525	38.0	39.58162441466172	27.27272727272727	2588674.0
Muc_8	86.0860097545998	2557005			1.217744870787916	69.22523981293952	36.0	39.57933885939122	27.27272727272727	2970291.0
Muc_9	81.10622883223311	2127491			1.3639019435196316	65.94332401983364	37.0	39.57766330727249	27.27272727272727	2623092.0
SG_1	77.176302262022	9111594	92.62	10935121.0	0.9287964405795016	71.4389989877213	34.0	50.335412889169234	18.181818181818183	11806207.0
SG_2	80.21140847200333	8582125	93.0	9950165.0	0.9405189938960831	72.62522525908321	34.0	50.346318506994145	18.181818181818183	10699382.0
SG_3	74.84181469640778	6880693	92.04	8462173.0	0.9167711833578673	67.26362718169227	35.0	50.330481110436246	18.181818181818183	9193648.0
SG_4	31.388861283201912	3028957	92.23	8900390.0	1.436393901580613	88.46289697430491	45.0	50.48946261278621	18.181818181818183	9649783.0
SG_5	76.27915082902058	9541328	92.96	11627382.0	0.923524065131045	73.09431262519685	34.0	50.33910317317874	18.181818181818183	12508435.0
SG_6	73.3827904546311	7889579	92.97	9995007.0	0.9136304997902581	73.43340676672436	36.0	50.34188634157131	18.181818181818183	10751266.0
SG_7	76.80349456822988	6812993	92.7	8223488.0	1.341894401312585	81.24955439263786	36.0	50.533630394329364	18.181818181818183	8870681.0
SG_8	77.3114072670091	7968629	92.42	9525474.0	0.9202179142428274	82.08093062812792	36.0	50.53132126097681	18.181818181818183	10307184.0
SRX1357231	0.003283311179317609	1904			12.431605433545327	87.18261802344192	50.0	46.10285568921349	36.36363636363637	57990239.0
SRX1357232	0.04386016697274696	19874			19.030844841223185	88.15400571906889	52.0	45.17363784156513	36.36363636363637	45312185.0
SRX1357235	0.07201214011957695	29859			10.493134294339537	92.40307467925611	52.0	45.850628916635365	36.36363636363637	41463842.0
SRX1357236	0.07438029220533757	37779			17.131291200208253	89.22566223243732	51.0	43.290383700637584	36.36363636363637	50791680.0
SRX1357239	0.010481317587376967	2640			13.475636636740349	75.36789462567074	50.0	45.28900152864459	36.36363636363637	25187673.0
SRX1357240	0.2155984687338945	83449			10.676457607398977	74.75636408027036	50.0	46.44923255326315	45.45454545454545	38705748.0
SRX1357243	0.25877401543018874	105443			8.234019001617426	74.25627486952567	48.0	47.001559152525466	36.36363636363637	40747136.0
SRX1357244	0.008599813927773498	3992			14.639920471499382	75.75778683074626	48.0	43.72778896091089	36.36363636363637	46419609.0
SRX1549383	0.2109804398390514	9370			3.7285830414208165	33.183683716250854	37.0	120.86487704816524	30.0	4441170.0
SRX1549384	23.131824686478573	787535			5.127077704978	28.214854279649018	37.0	125.00310407947947	20.0	3404552.0
SRX1983453	0.849684446637137	41093			54.343215176128886	85.45201039549302	49.0	42.2485717286849	36.36363636363637	4836266.0
SRX2629499	0.07238283172867133	33673			7.668804332467895	83.86662073687648	49.0	94.39725511438994	20.0	46520700.0
SRX2629500	0.02738090018994369	12716			3.6755773645061094	63.088573458674766	47.0	95.52310606899074	20.0	46441132.0
SRX2722002	73.24772940418084	2353232			0.6294618144374675	77.4411899056827	34.0	99.20316755081313	20.0	3212703.0
SRX2722003	72.47335424347268	2568726			0.581246719352515	79.90814283838034	35.0	99.26927160318624	20.0	3544373.0
SRX2722004	67.61706352048559	2501759			0.6491310053648386	82.65633766894675	35.0	99.64190640107701	30.0	3699893.0
SRX2722005	76.51355216649549	2984229			1.3054228863122936	80.14105912171904	34.0	99.70862470264818	30.0	3900262.0
SRX2722006	77.5005488324559	3297250			0.5699139389903505	77.4558816747386	34.0	99.00368881223255	20.0	4254486.0
SRX2722007	77.77645932951124	2825009			1.3579555624627535	78.58632430901612	34.0	99.68770469597624	30.0	3632216.0
SRX2722008	77.29677643657553	2550108			0.5800489034303891	77.72104532292546	34.0	99.7230182779432	20.0	3299113.0
SRX2722009	77.01830547326082	2849246			1.4386920502829283	78.41640050368751	34.0	99.7047163895076	30.0	3699440.0
SRX2722010	79.22740934389583	3045134			0.5515305211347191	78.68675575166446	35.0	99.74717916002348	20.0	3843536.0
SRX2722011	76.8817411017073	2999352			0.5762797801185967	76.19406586625904	34.0	99.09800079666692	20.0	3901254.0
SRX2722012	77.86845025641311	3348415			1.4888819004643148	80.83504267482962	35.0	99.76106697252058	20.0	4300092.0
SRX2722013	82.92011250893012	3747839			0.5454998250216875	75.82573083786029	34.0	99.19148753523095	20.0	4519819.0
SRX2722014	84.13777340235168	3139983			0.539380622674597	77.62477384942765	35.0	99.75592839568762	20.0	3731954.0
SRX2722015	83.19812013322453	2843453			1.4011201575931627	72.54261924014327	34.0	99.17810134274944	20.0	3417689.0
SRX2722016	82.15773225613171	2987836			1.4604981849324672	73.84514847856607	34.0	99.1198103119113	20.0	3636707.0
SRX2722017	82.16458856219361	3179072			1.4692458983118324	76.97554677566691	35.0	99.75264702773296	20.0	3869151.0
SRX2722018	82.31651795062899	3691113			0.5336302865165193	79.29814520156111	35.0	99.76344950735373	20.0	4484049.0
SRX3489448	61.821357568648594	3136969			0.4231710932601645	81.84598899609887	39.0	75.16795789247983	20.0	5074248.0
SRX3489449	51.25156198284749	5447589			0.25473958818871	81.0563774671167	40.0	74.66657967293241	30.0	10629118.0
SRX3489450	55.44105641498464	2246496			1.1903889344753165	76.23140561553697	39.0	74.01374368096694	30.0	4052044.0
SRX3489451	62.845441803872035	2040183			0.44218288048655535	79.0585557353503	39.0	74.9679966731868	30.0	3246350.0
SRX3489452	54.61044351877109	2396392			0.21473522584226667	81.61362241901162	41.0	74.95157762131117	30.0	4388157.0
SRX3489453	44.52359824043203	2107293			0.2526035753628803	84.36744680348643	42.0	74.90123769802534	30.0	4732980.0
SRX4065827	82.64266795656977	5245107			0.4827297359617278	82.408718013423	35.0	98.8322477874433	20.0	6346730.0
SRX4065829	78.8843407056032	4319077			0.5224309063285818	79.27769848619775	36.0	99.18954076945472	20.0	5475202.0
SRX4065834	80.44408638954455	4073012			0.503805921005272	78.59096916389923	35.0	98.80181088525958	20.0	5063159.0
SRX4065836	81.90919247429756	4957585			0.5038242306236176	81.73428789924857	35.0	99.20548801180595	20.0	6052538.0
SRX4065848	82.73653311044954	4832650			0.8757950338744082	83.05705912694793	35.0	99.21373953926812	20.0	5841011.0
SRX4913542	27.4608091959744	1279995			1.5010860883619543	76.56736292441776	42.0	175.0587886732301	40.0	4661170.0
SRX4913543	44.54815165430922	1808912			1.6505105412429117	68.82633261564504	37.0	147.3903132485851	20.0	4060577.0
SRX4913544	0.02327421682260392	5			1.8571983472388487	23.897965833449703	42.0	140.14862914862914	20.0	21483.0
SRX5014557	80.0590700475767	2666465			1.546652188564796	70.21705592551349	35.0	98.28653746957775	20.0	3330622.0
SRX5014562	68.47797356766716	4906870			0.4923147428124121	78.214760711766	37.0	99.52744173635826	30.0	7165618.0
SRX5014564	84.19261125095178	5785137			0.494816574835775	77.14909492665186	34.0	99.80567117313258	20.0	6871312.0
SRX5014568	83.18687293801217	6448584			0.47470436847846176	78.10493848116315	34.0	99.53998264947094	20.0	7751925.0
SRX5014569	76.45141820812333	2098898			0.5524889283452169	65.48096108283417	35.0	98.22071165560149	20.0	2745401.0
SRX5014570	56.35716273832484	4225726			0.5158933425964227	83.05163733384205	41.0	99.7671439376046	30.0	7498117.0
SRX5014574	80.870949096221	2852785			0.5122006611248625	76.30400525456803	35.0	99.19936488983798	20.0	3527577.0
SRX5014577	79.03155550689833	2375016			0.5390123326472089	68.27542310969451	35.0	98.22039705851523	20.0	3005149.0
SRX5014579	81.05962223125725	2916800			1.4589747650737903	73.48068897797407	35.0	98.33907922516472	20.0	3598339.0
SRX5014581	79.85240860040014	6357293			0.4815024867503663	77.34209393441947	34.0	99.51206711865292	20.0	7961304.0
SRX5014583	83.7870717713559	6965753			0.9298562742223248	81.71993238645264	34.0	99.8311201222762	20.0	8313637.0
SRX5014587	81.07144460934528	5885448			0.958828833356375	81.24803463249016	34.0	99.78444433853079	20.0	7259582.0
SRX5014588	81.98484597181972	5773445			0.5212158685168362	77.9559567632589	34.0	99.52403633695006	20.0	7042088.0
SRX502154	8.97731415360811	394995			19.33958464128693	59.07485773872588	48.0	123.42743942849921	18.181818181818183	4399924.0
SRX502155	17.41529428550892	649339			17.687328611513152	63.81048921182757	46.0	125.8403982667821	36.36363636363637	3728556.0
SRX502158	38.47797395962726	1011377			13.372818934597836	59.46478499604416	41.0	131.38423759643015	27.27272727272727	2628457.0
SRX5233212	10.47632893151893	262308			4.410195060938352	59.25401857344783	47.0	49.05788324701176	30.0	2503816.0
SRX5233213	11.516140780120509	396221			1.9739226260207052	70.96246267483883	48.0	49.639362187264844	30.0	3440571.0
SRX5233214	12.626279884609193	254953			0.8031447283533085	82.94341675926202	48.0	49.969694313412326	40.0	2019225.0
SRX5233215	16.07842010033222	425116			0.8442895533035489	82.65451081046606	47.0	49.95747075660662	40.0	2644016.0
SRX5233216	16.426122300157296	281116			0.7674406989685825	82.39061253221874	47.0	50.00229637091591	40.0	1711396.0
SRX5233217	0.12854743134634744	4453			1.0966774580118934	81.38335712053794	49.0	49.865778352820406	30.0	3464091.0
SRX5299657	72.17607318948875	17027637			4.962131647012001	90.97776096012959	34.0	119.88087214020904	20.0	23591803.0
SRX5299658	72.77809350807422	17806678			4.550386437691034	91.19765521247531	34.0	120.17045904732828	20.0	24467085.0
SRX5299659	74.94764775580298	17948369			4.5626229637994005	91.86837373289096	34.0	120.37304504053074	30.0	23947875.0
SRX5299660	78.2393234107263	18477817			4.480596585014952	91.4142058975735	35.0	120.4769092205689	30.0	23617046.0
SRX5299661	76.05661717713306	17326083			5.4648325958495665	91.32915498805495	35.0	120.29954811804672	30.0	22780507.0
SRX5299662	76.63223024657802	17440763			5.322353750065135	91.41548091842488	35.0	120.3626984947171	30.0	22759044.0
SRX5299663	77.48266316704331	17258796			5.506773690103455	90.68620626004605	35.0	120.09123699285776	20.0	22274397.0
SRX5299664	76.54344791572521	17911982			4.491912808301211	90.9717739760462	35.0	120.30475659975305	20.0	23401065.0
SRX5299665	79.03376044225884	18725114			5.588314249797718	91.72149013492587	35.0	120.18461502942422	30.0	23692551.0
SRX5505131	74.521120511437	5720663			0.9578316990830585	79.38323518484626	34.0	98.79361005949795	20.0	7676566.0
SRX5505132	73.35185313531113	5535246			0.4390254711397548	78.61051014583697	33.0	98.7652984161342	20.0	7546157.0
SRX5505133	76.08749513125346	4026096			0.43544490996689994	80.54328428905234	35.0	99.27131159732116	30.0	5291403.0
SRX5505134	75.40879710448411	3799197			0.4328123167015957	76.41770435501628	34.0	98.79265442470279	20.0	5038135.0
SRX5505135	74.44576080338436	3676658			0.43110090359802034	75.82458656452943	34.0	98.77739092438567	20.0	4938707.0
SRX5505136	68.72906434584176	3358788			0.43562021259246814	78.04381010840184	34.0	98.85412394275586	30.0	4886998.0
SRX5505137	76.35519663401253	3106121			0.4342849555954059	80.47655493112794	35.0	99.2731032458544	30.0	4067989.0
SRX5505138	73.51826762966994	4543612			0.43353696990206525	84.14281069169424	35.0	99.27421953387315	30.0	6180249.0
SRX5505139	74.33407202785934	3251993			0.4346541169855206	81.30715114276418	35.0	99.2732457338391	30.0	4374835.0
SRX5505140	69.43879646621382	4625446			0.950253434131408	85.00797419286985	34.0	99.2675061970965	30.0	6661184.0
SRX5505141	67.94856102417735	4901799			0.44356459654333646	79.01345061187465	35.0	98.81229001723736	20.0	7213985.0
SRX5505142	55.79031025158962	3181443			0.49683439133779933	84.21419149322591	38.0	99.21099040578862	40.0	5702501.0
SRX5505143	71.86612616580909	5504808			0.43937613495870886	78.25541117215829	34.0	98.75683323174246	20.0	7659809.0
SRX5505144	72.63350256142606	5556914			0.4369726669134348	78.6416762182771	34.0	98.71856624449178	20.0	7650621.0
SRX5797722	82.54672654964759	27851287			1.650109506809875	91.87343433705551	34.0	97.70928208531907	18.181818181818183	33740026.0
SRX5797723	83.0759053061445	28533714			3.423288816608358	92.46796484902046	35.0	98.75798308523375	18.181818181818183	34346558.0
SRX5797724	82.88226799099021	27119829			3.399265727841356	92.35878036228658	35.0	98.77787204302962	18.181818181818183	32720906.0
SRX5797725	87.19296576130829	19489111			1.655910777799948	89.6408178943947	34.0	97.63728854461681	18.181818181818183	22351701.0
SRX5797726	87.10301258491731	23722144			3.5426819022884386	90.92779017627281	35.0	97.69756682541703	18.181818181818183	27234585.0
SRX5797727	85.80421354686216	31014900			3.4229178047901545	92.05460463243534	34.0	97.76627271851282	18.181818181818183	36146127.0
SRX5806783	84.03341226049439	28676870			1.2960324807798205	91.97644928492184	34.0	98.67836835600954	18.181818181818183	34125557.0
SRX5806784	83.69017186151552	26652645			2.0639392975491124	92.40170529098098	35.0	99.01149327260595	18.181818181818183	31846804.0
SRX5806785	84.33157557504126	23186696			1.3035694105291498	91.63858507628015	35.0	99.02934826043978	18.181818181818183	27494679.0
SRX5806786	82.72318361163083	24339007			2.2472659738583274	90.5612964003916	34.0	98.51576923191959	18.181818181818183	29422232.0
SRX5806787	83.43213181840223	23384015			1.275112595262663	91.67864401445499	35.0	99.05180713189422	18.181818181818183	28027589.0
SRX5806788	82.71973279546823	23704993			1.3212637757356145	91.9593780237892	35.0	99.01049185226967	18.181818181818183	28656999.0
SRX6877996	25.017264439763508	865453			64.3743654267859	64.40770639960034	43.0	40.29683158145159	40.0	3459423.0
SRX6877997	21.99403860243808	796396			85.58563434880216	66.24907566394593	44.0	41.22518954211905	40.0	3620963.0
SRX6877998	3.8591260256078286	199709			71.4781025559826	80.23900980520146	50.0	30.34617022674484	30.0	5174980.0
SRX6877999	9.930543483277104	858579			57.682031463176884	83.51846794743646	46.0	38.94412099412885	40.0	8645841.0
SRX6878000	10.195883426118362	462570			66.96780173762563	80.57218619053681	46.0	34.447028333213204	40.0	4536831.0
SRX6878001	1.4583711475559398	624058			48.82602386031224	92.78986963181394	45.0	45.83625009666069	40.0	42791439.0
SRX6878002	0.6183349014475066	485188			63.203313111247326	93.8492257026325	48.0	37.365410670234134	30.0	78466863.0
SRX6878003	1.3308028209014524	284948			80.83512501505385	86.6215682458126	50.0	32.73334171814272	30.0	21411737.0
SRX6878004	0.6588374710770728	191740			69.33896721454337	95.64411626833487	50.0	33.294338818594525	40.0	29102777.0
SRX6878005	1.2487754891686669	91350			78.67699756968995	72.99645657654007	50.0	31.725384495717527	30.0	7315166.0
SRX6878006	1.2252518491558977	454983			63.594873515885496	92.11370163676868	49.0	33.25597741251341	40.0	37133835.0
SRX6878007	0.869313049321771	215115			71.34941613657408	77.50063548473513	49.0	34.47632236794223	30.0	24745401.0
SRX6878008	14.70881065609681	1064281			65.84362964939294	82.93445009594878	49.0	37.98571106753072	40.0	7235670.0
SRX6878009	1.1195824576104023	369333			78.24024836623694	67.90590613969745	48.0	33.88159004335425	30.0	32988459.0
SRX6878010	0.4782913157972703	215840			66.62154697707624	84.77070554597563	49.0	36.71349687613768	40.0	45127309.0
SRX6878011	35.42427157067639	3873778			56.841155378071385	63.67342532433406	43.0	42.15134547703792	40.0	10935378.0
SRX6878012	35.988137143804536	4957765			55.918434744514045	63.603311504294446	42.0	40.52741191289935	30.0	13776109.0
SRX6878013	1.139943153443188	91967			70.89539185936152	74.53634136522771	54.0	35.541965146622644	40.0	8067683.0
SRX6878014	1.202701589960853	194260			70.97484253444381	78.47930301570996	54.0	34.53563744855891	40.0	16151970.0
SRX6878015	1.0604284463338716	203654			69.89772964649957	79.33474413007046	54.0	35.325136596799176	40.0	19204879.0
SRX6878016	1.0901864375848014	197850			68.9806333544138	80.13550407130234	54.0	35.341530477392006	40.0	18148272.0
SRX6878017	20.34941982131782	1950277			55.25548163240111	73.16919282692332	44.0	40.395696385538145	30.0	9583944.0
SRX6878018	25.72549898904017	3595733			47.45592051840879	71.54492787502794	42.0	46.00224549629038	30.0	13977311.0
SRX6878019	15.500928719963175	1863927			54.42188212650703	85.0776259658061	46.0	39.03732984382452	40.0	12024615.0
SRX6878020	7.748747271002501	1365757			63.84390846850897	75.20006853478519	50.0	35.5342051752232	40.0	17625520.0
SRX6878021	10.229906841759263	3190043			57.41051484974915	73.82296700582185	49.0	37.767141661455575	30.0	31183500.0
SRX6878022	8.45965337649272	2865451			54.999891087856014	76.5534835462615	50.0	37.82772845757673	30.0	33871967.0
SRX6878023	12.111025186251391	1646128			51.57654318100246	87.65865446512983	46.0	40.51071871138117	40.0	13591979.0
SRX6878024	30.086252798224134	1283778			76.71816042167856	68.49483564284245	44.0	41.16445730388058	30.0	4266992.0
SRX6878025	40.811611245867944	2087840			82.51305193259948	66.54177644918249	43.0	40.37452722438861	40.0	5115799.0
SRX6878026	15.0743295300903	901971			67.2806031694418	82.73264642762663	48.0	37.32488998895293	40.0	5983490.0
SRX6878027	25.47485141315411	992167			77.46337358916612	87.11661784077823	47.0	32.81818485261479	30.0	3894692.0
SRX6878028	4.511915068529233	130184			76.24163645498221	76.25305998223908	48.0	29.179851372698796	20.0	2885338.0
SRX7125364	55.34326651040532	15547171			0.814260020517848	84.23596058525595	41.0	73.78897869854089	30.0	28092254.0
SRX7125365	52.27953055878315	16133334			0.7793118573982079	84.94816257618268	42.0	73.78314849117554	30.0	30859753.0
SRX7125366	15.207056316380877	3845799			0.9611927357065484	68.79185842301075	47.0	73.5964461078795	30.0	25289569.0
SRX7125367	6.579358745925153	1322198			0.9165821911319548	71.80865912801718	51.0	73.64486277547748	30.0	20096153.0
SRX7125368	57.747263235720226	18598668			0.8846418976401291	85.20335673441684	40.0	73.79909629617302	30.0	32207012.0
SRX7125369	1.365059338699628	253242			0.8825337724884204	81.5830263238201	54.0	73.63674917275868	30.0	18551721.0
SRX7125370	0.6034524996635832	131169			1.24796851928959	70.6932067682279	52.0	73.42120334875675	30.0	21736425.0
SRX7125371	1.6915789385678102	362167			1.0449765805045748	67.24885661357342	51.0	73.53599479719684	30.0	21409997.0
SRX7125372	16.5445197670817	5117644			0.913773759933091	68.99155458653671	49.0	73.6666021499738	30.0	30932563.0
SRX7125373	5.818917559624497	1543878			1.1204930216744724	56.697702392987736	49.0	73.55217803013171	30.0	26532048.0
SRX7125374	4.574780651814333	1311806			1.3315609919474094	60.03334380377679	48.0	73.49492957736655	30.0	28674730.0
SRX7125375	3.0748937961591234	641166			1.1089993216453233	65.8100766719582	50.0	73.48663307027977	30.0	20851647.0
SRX8049163	36.09935246113836	4266994			1.5291083241247578	81.68157531196988	39.0	73.33906840358912	40.0	11820140.0
SRX8049164	37.19552295088836	4083570			1.6678987039965079	81.62478338960891	39.0	73.25691805739498	40.0	10978660.0
SRX8049165	36.11579157543914	4203660			1.5691924976420115	81.51913055439474	38.0	73.27872219486304	40.0	11639396.0
SRX8049166	36.8038105499103	4093693			1.6977510735782346	81.68799675154233	39.0	73.16929763821209	40.0	11123014.0
SRX8049167	33.28457729308995	3805691			2.398542845777533	81.33575990686155	39.0	72.66384788885092	40.0	11433797.0
SRX8049168	41.20982237378538	4116546			1.6852662409103762	79.80128530834615	37.0	73.1625777149101	40.0	9989235.0
SRX8164260	83.65066945458837	10036762			1.6204384830035727	86.5874633653683	36.0	39.57385578305951	20.0	11998424.0
SRX8164261	83.58497987545158	6950896			1.6462562355643362	83.13115971767904	35.0	39.38415166108844	20.0	8315963.0
SRX8164262	83.14974677455626	6973435			1.6742679318740585	82.6933371703811	35.0	39.378127102312526	20.0	8386598.0
SRX8164263	82.97359284369243	6893237			1.080745164645614	83.01243792461956	36.0	39.39444492057294	20.0	8307748.0
SRX8164264	71.01447530616043	8258355			1.644491420898596	85.83439927363604	38.0	39.401522385839336	20.0	11629115.0
SRX8164265	61.501785423414546	6060020			1.074269233228543	86.00347179043256	39.0	39.57054307622593	20.0	9853405.0
SRX8164266	79.74103315100595	6135303			1.1054228345017711	83.05855022273771	36.0	39.55801994662099	30.0	7694035.0
SRX8164267	83.02532380220082	9229902			1.0849887423204296	86.26731492206795	35.0	39.566168467456784	20.0	11116972.0
SRX8164268	81.8449581084662	8342351			1.6813374575020708	89.07476076795788	36.0	39.56172838840009	20.0	10192871.0
SRX8164269	81.86837506999223	9505096			1.6551071672937143	85.28142199576806	36.0	39.562775872320046	30.0	11610217.0
SRX8164270	79.98364536643248	6466325			1.8824887861682305	82.57806127983278	36.0	39.340122695622604	20.0	8084559.0
SRX8164271	77.07363971704285	6959251			1.6371030677427294	83.40822694865315	37.0	39.411141418438284	20.0	9029353.0
SRX8164272	83.70998721825048	5875270			1.6429682842112603	82.59928391300527	35.0	39.57411113696305	20.0	7018601.0
SRX8164273	84.72710319695688	6448013			1.6963797594203123	83.31266977099351	35.0	39.574641102995386	20.0	7610331.0
SRX8164274	83.20574510135623	10082997			1.08513970707729	85.75866552865128	36.0	39.566145244942504	20.0	12118150.0
SRX8164275	82.7382873730357	7661553			1.0871641151726212	84.03771117076911	35.0	39.56535761127043	20.0	9259985.0
SRX8164276	84.06770926119961	6648958			1.0794960135710798	82.90903875258074	35.0	39.568459477628856	20.0	7909051.0
SRX8164277	63.31537355503585	6114686			1.6032946915635182	85.05797979422658	39.0	39.40040948460192	20.0	9657506.0
SRX8164278	82.61037811186907	7004358			1.0944593861651901	83.44035601264181	35.0	39.562475033280116	20.0	8478787.0
SRX8164279	82.26480139572833	7652823			1.734891235730528	83.54376203744356	35.0	39.3800161674014	20.0	9302670.0
SRX8164280	83.42873465930784	7506004			1.0999792956091046	82.92678453840149	36.0	39.39245751733513	20.0	8996905.0
SRX8164281	83.36018254965798	7331874			1.0921136710064705	82.85555607362357	35.0	39.383904341068614	20.0	8795415.0
SRX8164282	84.17002949377193	6749008			1.6761429183148706	81.92053176342468	35.0	39.38106280094429	20.0	8018303.0
SRX8164283	82.04637220843239	7512910			1.0799420980194854	83.8362356620787	35.0	39.5682735447679	20.0	9156907.0
SRX8164284	83.74249308901325	7725384			1.068283541346001	82.47354537059013	34.0	39.38268774784107	20.0	9225166.0
SRX8164285	82.21646820822909	8662984			1.6967538575863546	84.29838851263	35.0	39.57246104817981	20.0	10536799.0
SRX8164286	82.60394584705286	7226346			1.6997927005536848	82.67946201001263	35.0	39.376890749338294	20.0	8748185.0
SRX8164287	82.93680382499721	5072050			1.0783983882223585	80.43613456228023	35.0	39.38838078606047	20.0	6115560.0
SRX8164288	80.49274448573227	7328148			1.6236161511837937	83.92679191102857	36.0	39.40251479826144	20.0	9104110.0
SRX8164289	77.76021367446977	7772729			1.5972644319213505	85.03582194176899	37.0	39.410317828568616	20.0	9995766.0
SRX8164290	82.33086774854526	8255065			1.0754922959623239	84.69391056278378	36.0	39.57010310974853	20.0	10026695.0
SRX8164291	82.50648146607786	7885670			1.0730974631099888	84.50520190438192	36.0	39.571016873731445	20.0	9557637.0
SRX8164292	79.1294931593891	5848119			1.0833574830766028	83.29983370737175	37.0	39.566964677139836	20.0	7390568.0
SRX8164293	81.79355566785965	8694547			1.6456108887545826	85.24318368144813	36.0	39.56819303870942	20.0	10629868.0
SRX8164294	81.37665730538134	8458765			1.7462571139812546	83.4610962401762	36.0	39.34570407050441	20.0	10394584.0
SRX8164295	80.35745928098963	7509816			1.5943534557426648	85.07108343391978	37.0	39.571566758461174	20.0	9345512.0
SRX8164296	82.35118482125893	7463394			1.7223270165668536	82.52145475408841	33.0	39.376977488186434	20.0	9062886.0
SRX8164297	82.60195334298506	6714237			1.1022581875502613	81.45988078376783	34.0	39.55939355525745	20.0	8128424.0
SRX8164298	81.20174862543212	7689860			1.1132054028353315	83.8131058062957	34.0	39.554992060774225	20.0	9470067.0
SRX8164299	80.81461526384871	7242584			1.8064062258396434	83.69467504488321	34.0	39.55626233196641	20.0	8961973.0
SRX8164300	79.20126962460957	6573029			1.0822097014114955	80.6495382793585	36.0	39.364910678761404	20.0	8299146.0
SRX8164301	83.26045195205812	8501057			1.087379283484908	83.94021192358258	35.0	39.565326059298755	20.0	10210198.0
SRX8164302	83.61184955698101	5743114			1.6646870408117138	81.52449406901141	35.0	39.38528865388031	20.0	6868780.0
SRX8164303	82.98299412922015	7377862			1.6736854603604467	84.01629262899178	35.0	39.57031719937392	20.0	8890812.0
SRX8164304	79.49649421346838	8525305			1.6784104195212826	84.92698085673479	35.0	39.55706026234117	20.0	10724127.0
SRX8164305	80.8692623209907	6997369			1.1042160742980796	82.83992285432821	36.0	39.39416329690653	20.0	8652693.0
SRX8164306	82.65285324970331	7039970			1.6850583263952956	82.53841965808653	35.0	39.383084223146746	20.0	8517516.0
SRX8164307	82.5138662827094	5272306			1.0968874156976522	80.07964724636805	35.0	39.38048891949418	20.0	6389600.0
SRX8387559	66.60277947519194	3745029			0.5775391250999935	59.84986608071089	34.0	98.72525472475925	20.0	5622932.0
SRX8387560	68.06604062790291	4118719			0.5294680140813881	79.71068734605066	34.0	99.17402677843546	20.0	6051063.0
SRX8387561	84.65068631257859	7972350			1.1357030932148346	82.54281053140345	35.0	39.545952463697205	20.0	9417939.0
SRX8387562	84.41161552495069	7941644			1.8194906884195357	83.44263795496856	35.0	39.55256670857321	20.0	9408236.0
SRX8387563	83.79725328233152	7516291			1.1158583958192332	82.10103965673417	35.0	39.55383135173583	20.0	8969615.0
SRX8387564	85.30323244489222	8069731			1.774916801788395	82.32881311630462	35.0	39.36198972669604	20.0	9460053.0
SRX8387565	83.75471800094293	7825375			1.1009914007013557	82.49627171243428	35.0	39.5597913135803	20.0	9343205.0
SRX8387566	84.92235820866976	8436531			1.7554316422543643	83.31072338035037	35.0	39.56233070828097	20.0	9934405.0
SRX8387567	83.2142184021678	9360135			1.1179290205119312	83.59863256180255	34.0	39.35621021599824	20.0	11248240.0
SRX8387568	82.63711932391956	8923747			1.854750584548712	83.2072682544908	34.0	39.35620691906398	20.0	10798715.0
SRX8387571	67.03503923765231	3557392			0.5418347098422108	61.103983556213265	34.0	98.69164472140749	20.0	5306765.0
SRX8387574	82.96250106921012	8564253			1.636305156288364	85.73212823882515	35.0	39.578203942036076	20.0	10323041.0
SRX8387575	82.78628594406803	6637412			1.6273637775208436	81.62740685978952	36.0	39.397981372308614	20.0	8017526.0
SRX8387576	82.61003595713193	7492703			1.0550498836230437	84.91670153765322	35.0	39.578045984070286	20.0	9069967.0
SRX8387577	82.87933486347472	6386355			1.0649236480067328	80.23372726467605	36.0	39.373493531852006	20.0	7705606.0
SRX8387582	66.9114651970768	4579782			1.1378748313251748	80.16358570954316	34.0	99.168397291856	20.0	6844540.0
SRX8387589	64.58038917102465	4101857			0.533637942600476	58.48089991138661	35.0	98.71982154912689	20.0	6351552.0
SRX8387590	68.03452017425109	3726980			1.1479717542248176	76.97945774653029	34.0	99.15406296229769	20.0	5478072.0
SRX8387591	61.86130370742193	3810553			1.1404061077333143	60.485321703507076	33.0	98.68952064122517	20.0	6159833.0
SRX8387592	61.903919735507884	4256308			1.1267227740961994	62.74089779787682	33.0	98.70649339089671	20.0	6875668.0
SRX8387593	84.48107791954595	9398759			1.7686235743450605	82.93508995319029	34.0	39.353522602526155	20.0	11125283.0
SRX8387594	85.28849451155665	6692850			1.115076127855057	80.79348512763795	35.0	39.36210651628642	20.0	7847307.0
SRX8420202	85.85481635775328	6482698			1.0535480840680491	84.42022821954481	36.0	39.578710139154055	30.0	7550768.0
SRX8420203	85.74612863775451	7423622			1.0442133200615036	84.92249760921393	36.0	39.582438635957274	20.0	8657676.0
SRX8420204	0.4771473191818328	45044			1.6495047347788772	84.67197055294208	35.0	39.39074153697494	20.0	9440271.0
SRX8420205	0.4720756240112479	43555			1.0348578108231579	86.17747751692656	36.0	39.58615523749777	20.0	9226276.0
SRX8420206	85.94104517307457	7369100			1.6529079635563007	83.81123766273555	35.0	39.39020133769521	20.0	8574599.0
SRX8420207	0.42059465478197233	37781			1.6479376417667053	85.85223627690108	36.0	39.583491618053166	20.0	8982758.0
SRX8420208	0.457942919185193	43477			1.6606106362932804	84.92423983349596	35.0	39.39032363462397	20.0	9493978.0
SRX8420209	86.70750621169336	7198530			1.0408194159973432	85.31586535294632	36.0	39.58377571221877	20.0	8302084.0
SRX9633794	32.605168183955435	9788571			0.46614670818364784	93.41800139388438	39.0	121.76355713625807	40.0	30021532.0
SRX9633795	35.11859733423508	8910582			0.2141027083611938	94.49048329758301	39.0	126.64381576670793	40.0	25372830.0
SRX9633796	31.79262535888658	8611526			1.0204419986855617	89.88150953553075	40.0	127.20883484911627	30.0	27086552.0
SRX9633797	36.75895497277937	9585332			0.6803227652958435	94.97176093794411	39.0	134.97756293463513	40.0	26076182.0
SRX9633798	39.889311762101094	14291405			0.30196016170970674	91.93580233339051	39.0	121.41786070006536	30.0	35827655.0
SRX9633799	34.76007069089012	7919040			0.956765121472745	88.05551420571057	40.0	128.0567939551581	30.0	22782002.0
SRX9633800	29.493518745635004	6519491			2.017003800578609	95.2231504098835	41.0	131.12028798598098	40.0	22104826.0
SRX9633801	34.67858890160186	11575009			0.41172337479219506	90.98166143985242	40.0	125.51876743852307	30.0	33377970.0
SRX9633802	37.974046729102454	16344984			0.29560904070872435	91.44230440502922	40.0	126.25211072132336	30.0	43042513.0
SRX9682649	46.663141149846595	1961550			17.750434163888244	69.93918142031512	53.0	68.70467896981638	40.0	4203639.0
SRX9682654	66.72028269420494	7529091			0.6360277359517013	86.9953757846599	39.0	74.47530391301886	30.0	11284561.0
SRX9682659	84.60122153126758	9273414			0.9126764770611004	80.20641414189413	35.0	75.03588690563294	20.0	10961324.0
SRX9682664	81.47998450998631	7458910			0.9130282065259028	80.88073734601764	35.0	75.03981512482952	20.0	9154285.0
SRX9682669	78.8617820011783	11918583			0.6010782414161652	87.17401887673145	39.0	75.14261559520993	40.0	15113256.0
SRX9682674	76.28465390035356	12206042			0.9285553589478034	85.50467834379882	36.0	74.72930053100336	20.0	16000652.0
SRX9699053	71.13870800311858	7151792			0.9598559900115264	70.3096556450326	33.0	73.67569812358244	30.0	10053306.0
SRX9699054	70.00794662672489	6028525			1.051532485042268	67.33279936416457	34.0	73.59674451914431	40.0	8611201.0
SRX9699055	79.88211885490594	8004940			0.8967963643710408	70.79711636732954	34.0	73.69268634552384	30.0	10020941.0
SRX9699056	76.39800435157342	7560141			0.9458083782553348	67.67449163485313	34.0	73.67466132618196	30.0	9895731.0
SRX973265	17.24465505867321	2442291			7.150133537401637	87.89223838794653	37.0	86.95434220150443	36.36363636363637	14162597.0
SRX973266	4.7363687938516374	540740			5.706908554917833	95.65279001705078	42.0	88.55175797202762	36.36363636363637	11416763.0
SRX973267	10.549607556647054	1151713			4.355056578882924	88.00214617452582	44.0	89.56446999697813	36.36363636363637	10917117.0
SRX973268	10.426751345324089	1075363			4.232903409319487	87.86734249894138	45.0	89.67750967178941	36.36363636363637	10313500.0
SRX9960951	75.09379339089689	16964547			18.518095686699777	73.76017596107366	33.0	73.50891251899417	20.0	22591144.0
SRX9960952	76.03402147446104	15555234			18.127914914866725	74.50520285034492	32.0	73.51938198052571	20.0	20458255.0
SRX9960953	75.65344495382367	20097349			15.803755484246906	74.58776573894139	34.0	73.46472606923052	20.0	26565015.0
SRX9960954	75.7059197760811	6861441			25.175718264828813	71.82827408681051	33.0	73.42557387048092	20.0	9063282.0
SRX9960955	78.54138238352581	19971498			2.342411499591153	64.77687554336927	33.0	72.85485477147745	20.0	25427994.0
SRX9960956	77.94121862284683	10033762			6.431717120837894	71.5884337404148	33.0	73.37372364731608	20.0	12873499.0
SRX9960957	76.83359025675186	11480127			7.863949571862175	72.4350193297884	33.0	73.53476089189427	20.0	14941547.0
SRX9960958	75.64961472589464	12197234			9.487466434754788	72.63800151759617	33.0	73.53781049890078	20.0	16123326.0
SRX9960959	76.154791139247	12639349			23.48694173937866	74.50485725628923	33.0	73.46365599542904	20.0	16596919.0
SRX9960960	74.79460057658429	5571740			30.391600434114345	70.34373066274003	33.0	73.38425411590858	20.0	7449388.0
SRX9960961	75.01923437049322	11449242			24.67820430249687	72.51723994735539	33.0	73.47933243793533	20.0	15261742.0
SRX9960962	74.37467910134252	8478436			25.21042115765716	73.34149622242006	32.0	73.48875432503186	20.0	11399627.0
SRX9960963	74.41797410433415	7078535			26.696670597032963	72.93223632655365	32.0	73.47343643126867	20.0	9511862.0
SRX9960964	73.09051065618424	11019322			26.852760817202448	73.53008327665034	33.0	73.5195290028322	20.0	15076269.0
SRX9960965	78.30614585521607	10821066			24.501870034787988	71.6333398650442	33.0	73.38665191201949	20.0	13818923.0
SRX9960966	77.30912229282073	15743944			19.32891897430406	73.4762204791782	33.0	73.4446128058224	20.0	20364924.0
Vir_1	66.22182373399303	3020831	76.89	3507454.0	0.5984797845616787	83.42936119794777	34.0	150.54957455413953	18.181818181818183	4561685.0
Vir_10	66.67606259757088	2838508	75.75	3224985.0	0.3964254370340467	26.24013429448651	36.0	150.34452835010742	9.090909090909092	4257162.0
Vir_11	71.6114726042273	2637800	81.71	3009773.0	0.4113598657135718	20.668091501279548	36.0	150.28342484080306	9.090909090909092	3683488.0
Vir_12	70.36615351941734	3240348	80.49	3706719.0	0.44460125103692105	81.12823978353926	35.0	150.48743979616853	18.181818181818183	4604981.0
Vir_13	70.63971857594215	3036194	81.46	3501199.0	0.47303793058816185	77.68629592281206	35.0	150.4603863531667	18.181818181818183	4298140.0
Vir_14	68.7648130956518	2926594	80.3	3417402.0	0.4907954285531151	20.54970662038788	36.0	150.16884561767333	9.090909090909092	4255947.0
Vir_15	67.09043724747676	3482570	79.62	4133185.0	0.4516175757113183	79.15596368970456	34.0	150.4884320687578	18.181818181818183	5190859.0
Vir_16	65.91690179745288	3105015	78.69	3706645.0	0.679594746384393	18.958903726896892	36.0	150.22760964390397	9.090909090909092	4710499.0
Vir_17	70.33299410973821	3197800	80.96	3680969.0	0.640871386626503	20.44322090844595	36.0	150.2331414047728	9.090909090909092	4546657.0
Vir_18	69.80768872649871	2736497	80.81	3167600.0	0.6122380548572919	18.510021388230754	36.0	150.27720149559278	9.090909090909092	3920051.0
Vir_19	63.52805398116751	2027299	73.3	2339295.0	0.6179264095086223	77.04504465830635	34.0	150.5381348695642	18.181818181818183	3191187.0
Vir_2	61.972080525346506	2819250	71.48	3251872.0	0.6205181815267138	56.25302993551106	36.0	150.3041803155086	18.181818181818183	4549226.0
Vir_20	67.3196890580915	2689740	77.82	3109186.0	0.4313226355200624	79.59532401232549	34.0	150.53196605258	18.181818181818183	3995473.0
Vir_3	69.42120382911145	3095345	76.81	3424730.0	0.40751142988231714	81.59317159680944	34.0	150.56685750323686	18.181818181818183	4458789.0
Vir_4	76.20795862360794	2474525	85.83	2786904.0	0.3677609476970527	20.04407884186398	36.0	150.3780246123504	9.090909090909092	3247069.0
Vir_5	70.97801615735045	2563447	80.58	2910145.0	0.6805524818810899	20.07789877866294	36.0	150.21294260422022	9.090909090909092	3611607.0
Vir_6	69.17828644067059	2542540	79.87	2935548.0	0.45003697245895186	18.81587891118653	36.0	150.23626740789433	9.090909090909092	3675344.0
Vir_7	70.04178329585903	2671201	79.15	3018409.0	0.7051051257779021	76.93138708883578	35.0	150.4666849340212	18.181818181818183	3813725.0
Vir_8	69.86542752786129	2853543	78.73	3215649.0	0.4813666779574868	19.659947911891933	36.0	150.17463767725621	9.090909090909092	4084342.0
Vir_9	65.81826377798906	2566857	86.31	3366103.0	0.5566180301529995	78.61056537642409	37.0	150.58327128071477	18.181818181818183	3899916.0
