Sample	r_processed	r_with_adapters	r_written	bp_processed	quality_trimmed	bp_written	percent_trimmed
CM_1	11658091	3809633	11658091	466323640	348223	461385453	1.058961325657863
CM_10	12089198	3911994	12089198	483567920	393091	478417958	1.064992483372346
CM_11	11302992	4701193	11302992	452119680	1180971	444726858	1.6351471362626817
CM_12	11227795	3666672	11227795	449111800	354203	444296062	1.0722804433105522
CM_13	10781277	3551180	10781277	431251080	321674	426663402	1.0638067271622833
CM_14	11002675	3633721	11002675	440107000	338343	435400478	1.0694040312923903
CM_15	10792731	3507536	10792731	431709240	321387	427130105	1.0606988629661944
CM_16	11743940	3832690	11743940	469757600	363660	464739074	1.0683224709935508
CM_2	9437496	3088359	9437496	377499840	208108	373579905	1.0383938175973797
CM_3	9373134	3071176	9373134	374925360	220073	370992523	1.0489653193905049
CM_4	9540388	3102925	9540388	381615520	217182	377651834	1.038659538794439
CM_5	11324608	3725837	11324608	452984320	384801	448068428	1.0852234355484975
CM_6	11510239	4926264	11510239	460409560	1251705	452666516	1.6817730717841741
CM_7	12057175	4007143	12057175	482287000	380577	477073747	1.0809441266299942
CM_8	11078747	4787777	11078747	443149880	1071574	435786222	1.6616630924056666
CM_9	12738713	5476472	12738713	509548520	1315504	501002279	1.677218295129186
Cody_1	3381428	1180295	3381428	510595628	296362	508574993	0.3957407563231231
Cody_2	5091821	2232033	5091821	768864971	1258389	764249067	0.6003530104897964
Cody_3	10222899	3470245	10222899	521367849	316851	516850870	0.8663708375312572
Cody_4	10955835	4721597	10955835	558747585	1244437	551335727	1.326512757992502
ERX4294041	6952605	9101	6952605	486682350	62835	486606829	0.015517513630810734
ERX4294042	8584742	11395	8584742	600931940	76766	600840579	0.015203219186518858
ERX4294043	8905340	12471	8905340	623373800	86063	623271893	0.01634765529125542
ERX4294044	7303596	9245	7303596	511251720	59536	511180691	0.01389315619319579
ERX4294045	7386071	28627	7386071	517024970	748728	516239111	0.15199633394882262
ERX4294046	7854205	10314	7854205	549794350	75276	549705185	0.016217882195406336
ERX4294047	7578150	43585	7578150	530470500	1143145	529276913	0.22500534902506358
ERX4294048	7156922	99741	7156922	500984540	2650198	498223969	0.5510291794633024
ERX4294049	7921870	9912	7921870	554530900	62451	554455626	0.013574356271219511
ERX4294050	7099912	49495	7099912	496993840	1332433	495605120	0.279423986422045
ERX4294051	8122717	9699	8122717	568590190	62950	568514483	0.01331486215054115
ERX4294052	7483594	51393	7483594	523851580	1359505	522432691	0.27085706222361683
ERX5228512	13444263	4628219	13444263	672213150	576411	666059774	0.9153906019244046
ERX5228513	11555031	4002175	11555031	577751550	497659	572461489	0.9156290450454005
ERX5228514	14675191	5056646	14675191	733759550	631973	727075863	0.9108824546133676
ERX5228515	12061441	4134615	12061441	603072050	514101	597564997	0.9131666771822703
ERX5228516	9302999	3172519	9302999	465149950	460830	460887692	0.9163191353669929
ERX5228517	13464084	4594945	13464084	673204200	580136	667109671	0.9053016900369902
Metab_1	8307857	3504076	8307857	423700707	432723	418643749	1.1935212560313242
Metab_10	6171996	2622372	6171996	314771796	334389	310981409	1.204169829751837
Metab_11	5046303	1623795	5046303	257361453	97284	255272483	0.8116872109826021
Metab_12	6436157	2139354	6436157	328244007	125481	325515674	0.8311904990850297
Metab_13	6462445	2153693	6462445	329584695	127346	326836937	0.833703154814273
Metab_14	6058726	2534734	6058726	308995026	301999	305369023	1.1734826436979604
Metab_15	6863376	2177251	6863376	350032176	130341	347231159	0.8002170063360119
Metab_16	6294053	2008090	6294053	320996703	124130	318407791	0.8065229255641295
Metab_17	5625700	1820598	5625700	286910700	109230	284577625	0.8131711365243611
Metab_18	4629977	1485385	4629977	236128827	85605	234226698	0.8055471346579807
Metab_19	6770485	2800435	6770485	345294735	355822	341245684	1.172636182825087
Metab_2	5248691	1636859	5248691	267683241	100086	265569592	0.7896082668843658
Metab_20	7073047	2153762	7073047	360725397	135288	357929092	0.7751893887305085
Metab_3	6437211	2701441	6437211	328297761	343422	324388038	1.1909076041490274
Metab_4	4992202	1630451	4992202	254602302	103950	252506543	0.8231500593423542
Metab_5	5382463	1806347	5382463	274505613	107026	272206393	0.837585787362388
Metab_6	5491563	1844035	5491563	280069713	108599	277722001	0.8382598656785142
Metab_7	7288919	2315215	7288919	371734869	141518	368746289	0.8039547132179307
Metab_8	6706070	2174584	6706070	342009570	129754	339214626	0.8172122201141916
Metab_9	6672000	2188682	6672000	340272000	132081	337471000	0.8231649974138336
Mia_0	5445146	2142281	5445146	411637312	185030	408508770	0.7600239115350165
Mia_1	5919454	1923686	5919454	446579873	434712	443606071	0.6659059621345721
Mia_2	8201533	2707755	8201533	328061320	387768	324413626	1.1118939593366266
Mia_3	8470422	2799917	8470422	338816880	403736	335034931	1.1162221315537764
Mia_4	9068615	3056239	9068615	362744600	239390	358846133	1.0747139998775999
Mia_5	7633438	2541895	7633438	305337520	195667	302083993	1.0655510007417366
Mia_6	6942798	2932295	6942798	277711920	1018503	272841766	1.7536712144008797
Muc_1	3665383	1229301	3665383	146615320	104456	144364616	1.5351083365640097
Muc_10	2994196	1004301	2994196	119767840	72687	118215224	1.296354680855896
Muc_11	2986549	1004548	2986549	119461960	70158	117855184	1.345010579099824
Muc_12	2857201	955443	2857201	114288040	58772	112870428	1.2403852581599963
Muc_13	2687307	962764	2687307	107492280	93039	104396672	2.879842161688263
Muc_14	3142668	1110596	3142668	125706720	95649	123040065	2.1213305064359327
Muc_15	2611791	925421	2611791	104471640	104878	100949098	3.3717686445814388
Muc_16	2549170	932102	2549170	101966800	199400	97454878	4.424893200531939
Muc_17	3228279	1132786	3228279	129131160	89508	126977870	1.6675216113601086
Muc_18	4153267	1447032	4153267	166130680	106025	163577286	1.5369792021557969
Muc_19	3154388	1074964	3154388	126175520	78553	124387881	1.416787503629864
Muc_2	2876582	957577	2876582	115063280	71916	113576893	1.2917996080070029
Muc_20	2965448	1040808	2965448	118617920	74884	116730687	1.5910184565704744
Muc_21	3762292	1282767	3762292	150491680	94497	148089688	1.5960962094382893
Muc_22	2899575	1011893	2899575	115983000	77357	114109003	1.615751446332652
Muc_23	2869102	992043	2869102	114764080	74760	112949507	1.5811332256573658
Muc_24	3102362	1079535	3102362	124094480	87588	121856705	1.803283272551688
Muc_3	2638150	882333	2638150	105526000	64545	104123391	1.3291596383829576
Muc_4	3043225	1017987	3043225	121729000	76612	119974766	1.4410978484995358
Muc_5	2895117	969551	2895117	115804680	66501	114295411	1.30328843359353
Muc_6	2931642	975764	2931642	117265680	66896	115820321	1.232550734366611
Muc_7	2594033	859185	2594033	103761320	58032	102470391	1.244133170241088
Muc_8	2975457	996164	2975457	119018280	65524	117568941	1.217744870787916
Muc_9	2631463	877480	2631463	105258520	66781	103822897	1.3639019435196316
SG_1	11810431	3957574	11810431	602331981	762331	596737543	0.9287964405795016
SG_2	10703548	3644255	10703548	545880948	678767	540746834	0.9405189938960831
SG_3	9197377	3080036	9197377	469066227	566437	464765963	0.9167711833578673
SG_4	9698832	2847507	9698832	494640432	875030	487535447	1.436393901580613
SG_5	12514013	4175729	12514013	638214663	793973	632320597	0.923524065131045
SG_6	10756174	3534590	10756174	548564874	704000	543553018	0.9136304997902581
SG_7	8874951	3883642	8874951	452622501	1012374	446548785	1.341894401312585
SG_8	10312112	3481329	10312112	525917712	643837	521078123	0.9202179142428274
SRX1357231	62502911	54077113	62502911	3125145550	53588238	2736639786	12.431605433545327
SRX1357232	53889984	44474327	53889984	2694499200	41380129	2181713238	19.030844841223185
SRX1357235	42750886	35675970	42750886	2137544300	47051821	1913248906	10.493134294339537
SRX1357236	53812228	49151796	53812228	2690611400	87115584	2229674926	17.131291200208253
SRX1357239	26464778	22281637	26464778	1323238900	70115536	1144924034	13.475636636740349
SRX1357240	40364933	31378138	40364933	2018246650	93101668	1802769402	10.676457607398977
SRX1357243	41841175	31507282	41841175	2092058750	61615691	1919798235	8.234019001617426
SRX1357244	47690073	44350566	47690073	2384503650	70503115	2035414212	14.639920471499382
SRX1549383	4638216	1414465	4638216	561534389	18809587	540597113	3.7285830414208165
SRX1549384	3731894	1417048	3731894	452079222	21253621	428900769	5.127077704978
SRX1983453	12932870	11383230	12932870	659576370	2019037	301141364	54.343215176128886
SRX2629499	47453785	19659251	47453785	4745378500	140465009	4381464708	7.668804332467895
SRX2629500	47354054	19998086	47354054	4735405400	30670213	4561351911	3.6755773645061094
SRX2722002	3216982	1072394	3216982	324915182	187031	322869965	0.6294618144374675
SRX2722003	3548695	1152943	3548695	358418195	209325	356334901	0.581246719352515
SRX2722004	3704488	1221739	3704488	374153288	207078	371724543	0.6491310053648386
SRX2722005	3905929	1764816	3905929	394498829	2316187	389348951	1.3054228863122936
SRX2722006	4265360	1399044	4265360	430801360	244835	428346163	0.5699139389903505
SRX2722007	3638111	1651511	3638111	367449211	2277841	362459414	1.3579555624627535
SRX2722008	3306063	1118717	3306063	333912363	199274	331975508	0.5800489034303891
SRX2722009	3706206	1701533	3706206	374326806	2732001	368941396	1.4386920502829283
SRX2722010	3851649	1298036	3851649	389016549	233978	386871004	0.5515305211347191
SRX2722011	3909726	1351816	3909726	394882326	314730	392606699	0.5762797801185967
SRX2722012	4310318	1929647	4310318	435342118	3668516	428860388	1.4888819004643148
SRX2722013	4528482	1519432	4528482	457376682	268066	454881693	0.5454998250216875
SRX2722014	3739065	1229933	3739065	377645565	223031	375608618	0.539380622674597
SRX2722015	3424504	1548115	3424504	345874904	2546278	341028781	1.4011201575931627
SRX2722016	3643857	1660430	3643857	368029557	2864629	362654492	1.4604981849324672
SRX2722017	3877312	1738111	3877312	391608512	3120138	385854820	1.4692458983118324
SRX2722018	4492464	1477431	4492464	453738864	281028	451317576	0.5336302865165193
SRX3489448	5076585	913977	5076585	382577408	447987	380958451	0.4231710932601645
SRX3489449	10664104	1171477	10664104	804777936	423400	802727848	0.25473958818871
SRX3489450	4067887	1412329	4067887	305655059	340921	302016575	1.1903889344753165
SRX3489451	3248424	592885	3248424	244263414	284846	243183323	0.44218288048655535
SRX3489452	4390443	486355	4390443	330709597	133835	329999447	0.21473522584226667
SRX3489453	4737704	514099	4737704	356591944	179983	355691180	0.2526035753628803
SRX4065827	6353435	2099582	6353435	635343500	191809	632276508	0.4827297359617278
SRX4065829	5481544	1818694	5481544	548154400	181674	545290672	0.5224309063285818
SRX4065834	5070389	1681318	5070389	507038900	179241	504484408	0.503805921005272
SRX4065836	6059258	2011916	6059258	605925800	191191	602872999	0.5038242306236176
SRX4065848	5846449	2556445	5846449	584644900	1371190	579524609	0.8757950338744082
SRX4913542	4692335	1501262	4692335	830760214	10403817	818289788	1.5010860883619543
SRX4913543	4096899	1408569	4096899	610801976	8164244	600720625	1.6505105412429117
SRX4913544	21998	7002	21998	3081631	47495	3024399	1.8571983472388487
SRX5014557	3338375	1482695	3338375	333837500	2953095	328674195	1.546652188564796
SRX5014562	7173140	2393685	7173140	724487140	313989	720920383	0.4923147428124121
SRX5014564	6875389	2347639	6875389	694414289	348996	690978212	0.494816574835775
SRX5014568	7759195	2610296	7759195	783678695	317445	779958538	0.47470436847846176
SRX5014569	2751847	915595	2751847	275184700	145768	273664335	0.5524889283452169
SRX5014570	7504913	2507775	7504913	757996213	329714	754085761	0.5158933425964227
SRX5014574	3535792	1170643	3535792	353579200	188602	351768165	0.5122006611248625
SRX5014577	3012573	1002147	3012573	301257300	176189	299633486	0.5390123326472089
SRX5014579	3605281	1593854	3605281	360528100	2898216	355268086	1.4589747650737903
SRX5014581	7970480	2682293	7970480	805018480	329294	801142296	0.4815024867503663
SRX5014583	8321779	3684598	8321779	840499679	2714382	832684240	0.9298562742223248
SRX5014587	7267577	3169122	7267577	734025277	2380464	726987231	0.958828833356375
SRX5014588	7048010	2399259	7048010	711849010	283887	708138740	0.5212158685168362
SRX502154	4556926	1014124	4556926	674425048	128551625	543994045	19.33958464128693
SRX502155	3859002	923113	3859002	571132296	98569852	470114250	17.687328611513152
SRX502158	2699959	760579	2699959	399593932	51865798	346156959	13.372818934597836
SRX5233212	2635696	527554	2635696	128535063	4700209	122866416	4.410195060938352
SRX5233213	3501019	729770	3501019	174250751	2260795	170811176	1.9739226260207052
SRX5233214	2022431	459762	2022431	101717657	240415	100900717	0.8031447283533085
SRX5233215	2650538	577949	2650538	133214132	386295	132089419	0.8442895533035489
SRX5233216	1713784	379908	1713784	86235979	188462	85574169	0.7674406989685825
SRX5233217	3485168	711642	3485168	174659102	943770	172743655	1.0966774580118934
SRX5299657	23769670	12758930	23769670	2994978420	23503857	2846363648	4.962131647012001
SRX5299658	24661059	12660645	24661059	3107293434	17776329	2965899575	4.550386437691034
SRX5299659	24127778	12310174	24127778	3040100028	19387333	2901391726	4.5626229637994005
SRX5299660	23792883	11868036	23792883	2997903258	19238098	2863579307	4.480596585014952
SRX5299661	22958041	13126346	22958041	2892713166	42375755	2734631234	5.4648325958495665
SRX5299662	22928901	13010675	22928901	2889041526	40774205	2735276516	5.322353750065135
SRX5299663	22456888	12686986	22456888	2829567888	43550193	2673749988	5.506773690103455
SRX5299664	23579815	11814224	23579815	2971056690	18180669	2837599414	4.491912808301211
SRX5299665	23879593	13603194	23879593	3008828718	45769784	2840685914	5.588314249797718
SRX5505131	7687623	3380828	7687623	768762300	2900218	761398851	0.9578316990830585
SRX5505132	7559222	2537360	7559222	755922200	205963	752603509	0.4390254711397548
SRX5505133	5297274	1756160	5297274	529727400	149248	527420729	0.43544490996689994
SRX5505134	5046416	1658210	5046416	504641600	140423	502457449	0.4328123167015957
SRX5505135	4947554	1620431	4947554	494755400	140584	492622505	0.43110090359802034
SRX5505136	4893306	1626194	4893306	489330600	132772	487198977	0.43562021259246814
SRX5505137	4074691	1342708	4074691	407469100	114999	405699523	0.4342849555954059
SRX5505138	6193714	2040313	6193714	619371400	181126	616686196	0.43353696990206525
SRX5505139	4381944	1439574	4381944	438194400	128260	436289770	0.4346541169855206
SRX5505140	6671556	2870743	6671556	667155600	2540734	660815931	0.950253434131408
SRX5505141	7224481	2426209	7224481	722448100	205503	719243576	0.44356459654333646
SRX5505142	5711066	1961846	5711066	571106600	358495	568269146	0.49683439133779933
SRX5505143	7674288	2570551	7674288	767428800	211825	764056901	0.43937613495870886
SRX5505144	7667118	2552200	7667118	766711800	204701	763361479	0.4369726669134348
SRX5797722	34049892	12908159	34049892	3439039092	23545317	3382291181	1.650109506809875
SRX5797723	34657582	15977292	34657582	3500415782	82565658	3380586440	3.423288816608358
SRX5797724	33015241	15244313	33015241	3334539341	77632329	3221189488	3.399265727841356
SRX5797725	22585856	8360335	22585856	2281171456	18017665	2243397292	1.655910777799948
SRX5797726	27497608	12695625	27497608	2777258408	68689703	2678868977	3.5426819022884386
SRX5797727	36475238	16804750	36475238	3683999038	86603501	3557898779	3.4229178047901545
SRX5806783	34303844	13344727	34303844	3464688244	3339331	3419784759	1.2960324807798205
SRX5806784	31967000	15313527	31967000	3228667000	22938109	3162029273	2.0639392975491124
SRX5806785	27601428	10728149	27601428	2787744228	2966772	2751404047	1.3035694105291498
SRX5806786	29547562	14114856	29547562	2984303762	25922631	2917238519	2.2472659738583274
SRX5806787	28165734	10869693	28165734	2844739134	2831722	2808465507	1.275112595262663
SRX5806788	28772552	11186530	28772552	2906027752	2923301	2867631460	1.3212637757356145
SRX6877996	6316844	6056869	6316844	473763300	1187216	168781182	64.3743654267859
SRX6877997	17083472	16795937	17083472	1281260400	2114197	184685559	85.58563434880216
SRX6877998	10195753	10126538	10195753	778758196	1915769	222116614	71.4781025559826
SRX6877999	11772042	11466021	11772042	910870638	1170621	385461950	57.682031463176884
SRX6878000	8040728	7934487	8040728	621731967	650463	205371736	66.96780173762563
SRX6878001	54478195	53421340	54478195	4155968665	11110160	2126774413	48.82602386031224
SRX6878002	115009847	113485776	115009847	8776154445	51194236	3229334072	63.203313111247326
SRX6878003	110756562	110022121	110756562	8482153848	126210282	1625594181	80.83512501505385
SRX6878004	50839416	50583687	50839416	3892071886	5830800	1193349437	69.33896721454337
SRX6878005	29554488	29353253	29554488	2268499854	9357739	483712279	78.67699756968995
SRX6878006	49914107	49428040	49914107	3812437055	14537285	1387922532	63.594873515885496
SRX6878007	56958617	56319393	56958617	4365678148	13169825	1250792279	71.34941613657408
SRX6878008	13669177	13505308	13669177	1025188275	7825688	350167104	65.84362964939294
SRX6878009	123479263	122477166	123479263	9438357278	20424778	2053763102	78.24024836623694
SRX6878010	78248618	76511153	78248618	5989027609	21452833	1999044767	66.62154697707624
SRX6878011	16781716	16038041	16781716	1258628700	6974228	543209605	56.841155378071385
SRX6878012	19127033	18256533	19127033	1434527475	7404068	632362165	55.918434744514045
SRX6878013	18935822	18327324	18935822	1467298989	2033783	427051621	70.89539185936152
SRX6878014	36398408	35305547	36398408	2819835720	2863544	818461758	70.97484253444381
SRX6878015	41662928	40418608	41662928	3227606229	3430645	971582753	69.89772964649957
SRX6878016	37285722	36121425	37285722	2887845794	2664848	895791475	68.9806333544138
SRX6878017	13164722	12515284	13164722	987354150	3467166	441786859	55.25548163240111
SRX6878018	17831282	16390391	17831282	1337346150	6278191	702696224	47.45592051840879
SRX6878019	15233620	14935342	15233620	1142521500	3027091	520739796	54.42188212650703
SRX6878020	26346328	25758298	26346328	2014762678	6328280	728459438	63.84390846850897
SRX6878021	39914584	38547930	39914584	3054403683	8988982	1300854803	57.41051484974915
SRX6878022	40359738	38914431	40359738	3083907705	8768356	1387761826	54.999891087856014
SRX6878023	16461425	16069177	16461425	1234606875	3884298	597839327	51.57654318100246
SRX6878024	17019915	16783017	17019915	1276493625	2491180	297191198	76.71816042167856
SRX6878025	36757047	36513930	36757047	2756778525	27535275	482076429	82.51305193259948
SRX6878026	12608950	12497560	12608950	945671250	1502223	309417929	67.2806031694418
SRX6878027	15152918	15098748	15152918	1136468850	3039191	256121739	77.46337358916612
SRX6878028	7509665	7477234	7509665	574436138	578184	136476626	76.24163645498221
SRX7125364	28136154	8946466	28136154	2110211550	2553875	2093028941	0.814260020517848
SRX7125365	30896629	9699622	30896629	2317247175	2871490	2299188593	0.7793118573982079
SRX7125366	25301878	8276521	25301878	1897640850	5614532	1879400864	0.9611927357065484
SRX7125367	20112332	6593469	20112332	1508424900	3191588	1494598946	0.9165821911319548
SRX7125368	32284084	10340552	32284084	2421306300	2694002	2399886410	0.8846418976401291
SRX7125369	18560793	5841299	18560793	1392059475	2982894	1379774080	0.8825337724884204
SRX7125370	21763846	6660958	21763846	1632288450	7393136	1611918004	1.24796851928959
SRX7125371	21424387	6819977	21424387	1606829025	5331975	1590038038	1.0449765805045748
SRX7125372	30965856	9749437	30965856	2322439200	5203222	2301217360	0.913773759933091
SRX7125373	26571489	8819286	26571489	1992861675	6740989	1970531799	1.1204930216744724
SRX7125374	28758944	9352302	28758944	2156920800	9066129	2128200084	1.3315609919474094
SRX7125375	20863717	6712133	20863717	1564778775	5955145	1547425389	1.1089993216453233
SRX8049163	11851272	4687250	11851272	888845400	1209662	875253991	1.5291083241247578
SRX8049164	11011030	4864160	11011030	825827250	1127085	812053288	1.6678987039965079
SRX8049165	11662129	5016831	11662129	874659675	1167316	860934581	1.5691924976420115
SRX8049166	11150639	4227780	11150639	836297925	1167941	822099668	1.6977510735782346
SRX8049167	11463440	5433569	11463440	859758000	1050755	839136336	2.398542845777533
SRX8049168	10007290	4433645	10007290	750546750	865779	737898039	1.6852662409103762
SRX8164260	12013054	5027931	12013054	480522160	1184269	472735594	1.6204384830035727
SRX8164261	8327033	3516099	8327033	333081320	866749	327597948	1.6462562355643362
SRX8164262	8399150	3512656	8399150	335966000	1005599	330341029	1.6742679318740585
SRX8164263	8318108	2762912	8318108	332724320	267758	329128418	1.080745164645614
SRX8164264	11650754	4722415	11650754	466030160	1445183	458366334	1.644491420898596
SRX8164265	9868299	3138252	9868299	394731960	392615	390491476	1.074269233228543
SRX8164266	7715430	2616038	7715430	308617200	266819	305205675	1.1054228345017711
SRX8164267	11130180	3706181	11130180	445207200	380044	440376752	1.0849887423204296
SRX8164268	10211674	4271817	10211674	408466960	1257520	401599252	1.6813374575020708
SRX8164269	11630694	4770667	11630694	465227760	1428394	457527742	1.6551071672937143
SRX8164270	8108290	3077722	8108290	324331600	1987999	318226094	1.8824887861682305
SRX8164271	9047923	3620844	9047923	361916920	1190656	355991967	1.6371030677427294
SRX8164272	7027730	2991888	7027730	281109200	691712	276490665	1.6429682842112603
SRX8164273	7622173	3213088	7622173	304886920	938732	299714880	1.6963797594203123
SRX8164274	12134532	4033707	12134532	485381280	402630	480114215	1.08513970707729
SRX8164275	9272933	3094861	9272933	370917320	304260	366884840	1.0871641151726212
SRX8164276	7920372	2610329	7920372	316814880	274611	313394876	1.0794960135710798
SRX8164277	9670192	3902266	9670192	386807680	1035639	380606013	1.6032946915635182
SRX8164278	8490395	2842749	8490395	339615800	296907	335898843	1.0944593861651901
SRX8164279	9323926	3832681	9323926	372957040	1415106	366486641	1.734891235730528
SRX8164280	9012581	3033333	9012581	360503240	304732	356537779	1.0999792956091046
SRX8164281	8810690	2946462	8810690	352427600	299873	348578690	1.0921136710064705
SRX8164282	8031217	3378191	8031217	321248680	938805	315864093	1.6761429183148706
SRX8164283	9171707	3036073	9171707	366868280	303537	362906315	1.0799420980194854
SRX8164284	9240543	3011327	9240543	369621720	314716	365673112	1.068283541346001
SRX8164285	10558286	4363701	10558286	422331440	1442183	415165515	1.6967538575863546
SRX8164286	8763651	3639289	8763651	350546040	1170130	344587484	1.6997927005536848
SRX8164287	6124418	2024741	6124418	244976720	199547	242334895	1.0783983882223585
SRX8164288	9118861	3719262	9118861	364754440	1046899	358832228	1.6236161511837937
SRX8164289	10011193	4015016	10011193	400447720	1137907	394051511	1.5972644319213505
SRX8164290	10050509	3281727	10050509	402020360	346895	397696662	1.0754922959623239
SRX8164291	9569867	3116529	9569867	382794680	330573	378686920	1.0730974631099888
SRX8164292	7401735	2437169	7401735	296069400	256840	292861910	1.0833574830766028
SRX8164293	10647315	4402782	10647315	425892600	1230245	418884065	1.6456108887545826
SRX8164294	10409080	3927535	10409080	416363200	2014854	409092428	1.7462571139812546
SRX8164295	9357511	3818369	9357511	374300440	948216	368332768	1.5943534557426648
SRX8164296	9081809	3823677	9081809	363272360	1241601	357015622	1.7223270165668536
SRX8164297	8146179	2762175	8146179	325847160	274308	322255483	1.1022581875502613
SRX8164298	9489684	3229658	9489684	379587360	336613	375361773	1.1132054028353315
SRX8164299	8982949	3574377	8982949	359317960	1734691	352827218	1.8064062258396434
SRX8164300	8315223	2736902	8315223	332608920	299023	329009394	1.0822097014114955
SRX8164301	10226749	3402176	10226749	409069960	351898	404621818	1.087379283484908
SRX8164302	6879667	2890121	6879667	275186680	780491	270605683	1.6646870408117138
SRX8164303	8906445	3730641	8906445	356257800	1059960	350295165	1.6736854603604467
SRX8164304	10744294	4427165	10744294	429771760	1397689	422558426	1.6784104195212826
SRX8164305	8668111	2921426	8668111	346724440	302136	342895853	1.1042160742980796
SRX8164306	8532672	3571496	8532672	341306880	1058024	335555660	1.6850583263952956
SRX8164307	6400919	2143007	6400919	256036760	217091	253228325	1.0968874156976522
SRX8387559	5631615	1930373	5631615	563161500	813966	559909022	0.5775391250999935
SRX8387560	6060198	2024728	6060198	606019800	631550	602811119	0.5294680140813881
SRX8387561	9445739	3132477	9445739	377829560	510091	373538538	1.1357030932148346
SRX8387562	9433361	4052543	9433361	377334440	1549574	370468875	1.8194906884195357
SRX8387563	8990695	2982180	8990695	359627800	425379	355614863	1.1158583958192332
SRX8387564	9481574	4021867	9481574	379262960	1455261	372531358	1.774916801788395
SRX8387565	9367857	3054271	9367857	374714280	449434	370588708	1.1009914007013557
SRX8387566	9952837	4279192	9952837	398113480	1371776	391124870	1.7554316422543643
SRX8387567	11279484	3736508	11279484	451179360	547428	446135495	1.1179290205119312
SRX8387568	10832288	4646161	10832288	433291520	1948414	425255043	1.854750584548712
SRX8387571	5316590	1789257	5316590	531659000	606102	528778287	0.5418347098422108
SRX8387574	10336854	4431879	10336854	413474160	933288	406708461	1.636305156288364
SRX8387575	8029732	3350299	8029732	321189280	820289	315962362	1.6273637775208436
SRX8387576	9083843	3004622	9083843	363353720	238478	359520157	1.0550498836230437
SRX8387577	7718659	2566110	7718659	308746360	205736	305458447	1.0649236480067328
SRX8387582	6859352	3044986	6859352	685935200	3702515	678130116	1.1378748313251748
SRX8387589	6363781	2157584	6363781	636378100	680310	632982145	0.533637942600476
SRX8387590	5490237	2398443	5490237	549023700	3059807	542721063	1.1479717542248176
SRX8387591	6173485	2728624	6173485	617348500	3402634	610308220	1.1404061077333143
SRX8387592	6891066	3047791	6891066	689106600	3685490	681342279	1.1267227740961994
SRX8387593	11146719	4724008	11146719	445868760	1665124	437983020	1.7686235743450605
SRX8387594	7861183	2607710	7861183	314447320	374251	310940993	1.115076127855057
SRX8420202	7564491	2489691	7564491	302579640	209450	299391818	1.0535480840680491
SRX8420203	8672002	2823928	8672002	346880080	230778	343257912	1.0442133200615036
SRX8420204	9455035	4008071	9455035	378201400	969628	371962950	1.6495047347788772
SRX8420205	9241702	2993236	9241702	369668080	245331	365842541	1.0348578108231579
SRX8420206	8588261	3645380	8588261	343530440	890721	337852198	1.6529079635563007
SRX8420207	8997176	3806960	8997176	359887040	928407	353956326	1.6479376417667053
SRX8420208	9510080	3995183	9510080	380403200	1059043	374086184	1.6606106362932804
SRX8420209	8316606	2708127	8316606	332664240	219020	329201806	1.0408194159973432
SRX9633794	30161688	4427337	30161688	3678111354	10017249	3660965959	0.46614670818364784
SRX9633795	25438306	2717011	25438306	3225234773	2855188	3218329458	0.2141027083611938
SRX9633796	27299197	4309911	27299197	3483880813	28965078	3448329830	1.0204419986855617
SRX9633797	26172238	4084454	26172238	3391056889	16969623	3367986757	0.6803227652958435
SRX9633798	35862383	7149144	35862383	4503513948	3025311	4489915130	0.30196016170970674
SRX9633799	22901195	3517177	22901195	2947887038	22865841	2919682683	0.956765121472745
SRX9633800	22883604	3499978	22883604	2838264409	51766262	2781016508	2.017003800578609
SRX9633801	33656083	5052180	33656083	4381258171	10551485	4363219507	0.41172337479219506
SRX9633802	43199260	6732636	43199260	5676421790	7251627	5659641774	0.29560904070872435
SRX9682649	4786312	680646	4786312	361395211	63293953	297245992	17.750434163888244
SRX9682654	11377019	1186902	11377019	859907468	3324218	854438218	0.6360277359517013
SRX9682659	10994207	2393623	10994207	828781084	4559827	821216994	0.9126764770611004
SRX9682664	9178255	1980556	9178255	691960331	3806794	685642538	0.9130282065259028
SRX9682669	15192757	2920423	15192757	1151516146	2375352	1144594633	0.6010782414161652
SRX9682674	16085275	3787986	16085275	1219101359	3549810	1207781328	0.9285553589478034
SRX9699053	10062265	4268776	10062265	754669875	1246866	747426131	0.9598559900115264
SRX9699054	8617561	3571836	8617561	646317075	1823164	639520841	1.051532485042268
SRX9699055	10029553	3995721	10029553	752216475	1229157	745470625	0.8967963643710408
SRX9699056	9903462	4087271	9903462	742759650	1350404	735734567	0.9458083782553348
SRX973265	14173366	9385517	14173366	1332296404	82471397	1237035432	7.150133537401637
SRX973266	11440615	4013108	11440615	1075417810	56247159	1014044699	5.706908554917833
SRX973267	10923245	5528734	10923245	1026785030	37458544	982067961	4.355056578882924
SRX973268	10317883	5135357	10317883	969881002	34272874	928826876	4.232903409319487
SRX9960951	27507504	12106690	27507504	2051695695	8754794	1671760723	18.518095686699777
SRX9960952	24796435	10942158	24796435	1849381413	7731383	1514127124	18.127914914866725
SRX9960953	31276681	13362171	31276681	2333502479	15248422	1964721453	15.803755484246906
SRX9960954	12011914	6018970	12011914	895424987	7989601	669995315	25.175718264828813
SRX9960955	25788787	8541369	25788787	1912903903	7161333	1868095822	2.342411499591153
SRX9960956	13636135	4878471	13636135	1016623147	4391413	951236822	6.431717120837894
SRX9960957	16079498	5866227	16079498	1200462492	5359138	1106058727	7.863949571862175
SRX9960958	17665145	6665202	17665145	1318707780	6355053	1193595822	9.487466434754788
SRX9960959	21522423	10468331	21522423	1604222232	7356092	1227439491	23.48694173937866
SRX9960960	10623688	5670296	10623688	790811917	4177045	550471519	30.391600434114345
SRX9960961	20112142	9950668	20112142	1498876395	7073685	1128980616	24.67820430249687
SRX9960962	15131562	7586548	15131562	1127665120	5000936	843375994	25.21042115765716
SRX9960963	12882772	6651620	12882772	959814697	4452965	703576129	26.696670597032963
SRX9960964	20472746	10417305	20472746	1525522641	6908351	1115877695	26.852760817202448
SRX9960965	18141473	9086959	18141473	1352373772	12001524	1021016908	24.501870034787988
SRX9960966	25026862	11459826	25026862	1866550941	13968421	1505766822	19.32891897430406
Vir_1	4563670	1997587	4563670	689114170	1377313	684989961	0.5984797845616787
Vir_10	4259475	1518462	4259475	643180725	589988	640630993	0.3964254370340467
Vir_11	3688287	1304216	3688287	556931337	316490	554640345	0.4113598657135718
Vir_12	4607486	1628796	4607486	695730386	409910	692637160	0.44460125103692105
Vir_13	4301541	1518199	4301541	649532691	357925	646460155	0.47303793058816185
Vir_14	4259261	1520205	4259261	643148411	354195	639991868	0.4907954285531151
Vir_15	5194335	1871383	5194335	784344585	467326	780802347	0.4516175757113183
Vir_16	4714170	2093343	4714170	711839670	1349360	707002045	0.679594746384393
Vir_17	4548416	2027043	4548416	686810816	958886	682409242	0.640871386626503
Vir_18	3921622	1746237	3921622	592164922	815797	588539463	0.6122380548572919
Vir_19	3192730	1400003	3192730	482102230	1044829	479123193	0.6179264095086223
Vir_2	4551891	1980322	4551891	687335541	1586614	683070499	0.6205181815267138
Vir_20	3997249	1450001	3997249	603584599	588689	600981202	0.4313226355200624
Vir_3	4460334	1572912	4460334	673510434	609886	670765802	0.40751142988231714
Vir_4	3247960	1136116	3247960	490441960	202716	488638306	0.3677609476970527
Vir_5	3614030	1597043	3614030	545718530	896144	542004629	0.6805524818810899
Vir_6	3677948	1320861	3677948	555370148	329484	552870777	0.45003697245895186
Vir_7	3816486	1708560	3816486	576289386	1075287	572225940	0.7051051257779021
Vir_8	4087362	1410737	4087362	617191662	372067	614220707	0.4813666779574868
Vir_9	3901339	1703577	3901339	589102189	649377	585823140	0.5566180301529995
